2.183521662215545334e+01
-1.776879447677332635e+00
2.165319462545725315e+01
-2.693351508026435581e-02
-9.343050440373735777e-01
8.873253599907154898e-01
1.406648735937482408e+00
2.172817653135809834e+01
-2.306299916964627827e-01
-4.705053352431047275e-01
-2.961986267863824462e+00
-4.281516155255197797e-01
2.153642237314473817e+01
-2.075954085435660179e+00
1.411294767714545983e+00
-3.089459526493829156e+00
1.148121386011148326e+00
4.525441432029830291e-01
-1.314280550371193845e+00
3.046495335565350682e-01
1.704692957894429872e+00
-3.156463950877890223e+00
-3.868914020228719219e-01
6.917905554538613666e-01
-1.607086661819872697e+00
1.340182973841241409e+00
-1.924355046829023141e+00
1.767167993261467895e+00
3.064261349519705746e-01
2.183598979932011019e+01
7.927316372279289425e-01
2.184950337724253089e+01
8.416552948398363654e-01
9.204429141585067642e-01
1.718743709963383104e+00
1.025828136864048057e+00
2.152394775053898002e+01
2.177969032094037871e+01
7.956454095941317695e-01
2.163799881694408711e+01
2.197544394933828116e+01
-5.422233891749798917e-02
2.150695517715083227e+01
9.692387874510975942e-01
2.951355503936654578e-01
2.212040324119569590e+01
3.923106526812251138e-01
1.896646030340353173e-01
2.168796299731400978e+01
-8.358892098434481110e-02
-5.845944004058586385e-01
2.222194390156174393e+01
2.272683373598327350e+01
5.582436829519188404e-01
-3.096394541712031989e-01
2.162485470551995093e+01
-2.276669462517075804e-01
1.336073987327882184e+00
1.247320096645847948e-01
1.423784019098928988e-01
5.464430736239753728e-01
2.172774643586554433e+01
-2.416135110807067221e+00
2.190569449062218510e+01
9.262803769460973280e-01
-1.402281598318382949e+00
2.220221710847768648e+01
-1.192610793773737354e+00
2.161399670596078337e+01
-1.228379978134201078e+00
2.170914789434753445e+01
1.746458140046936336e+00
-7.253424400899152052e-03
2.178682428768601298e+01
2.212509388561107571e+01
2.167818680825286037e+01
2.222373676432859213e+01
2.175676515459810290e+01
8.884459477907840075e-01
2.179227206591736987e+01
1.804577777678614936e+00
2.191714126288115594e+01
2.179459422605371088e+01
-5.244107297040155082e-03
9.299373571831223151e-01
2.152837034901845570e+01
3.789073997218341816e-01
2.225238427997861024e+01
1.965183471013810079e+00
6.714534405578674869e-01
2.163514913633976633e+01
2.231481306467326675e+01
4.733588852089253285e-01
2.204056030988086334e+01
1.198416200452135039e+00
2.144506677100443781e+01
6.074817527804334816e-01
2.197317325731762594e+01
2.205533659199764074e+01
1.770096016676198980e+00
2.195168171416968050e+01
2.191039391893146870e+01
2.145686670850833266e+01
3.873739564577097227e-01
2.226881199499361230e+01
1.860954088919136051e+00
1.149509065828111076e+00
-4.377624167461611759e-01
1.082365498043297736e+00
1.058302483306584829e+00
2.150462592659870964e+01
2.183788311275541361e+01
6.259367115180223262e-01
-1.642017252488381152e+00
-3.614669954450983047e-01
1.054443395971455644e+00
1.330327853373548808e-01
2.173524729770530328e+01
4.601503204530481561e-01
-2.499034874409457263e+00
-6.838546445284372499e-01
8.368783019676551138e-01
2.168891556044285096e+01
2.157988044478463152e+01
-3.317153833599124080e-01
2.168637162431173238e+01
2.204884992901866170e+01
1.656584444824260816e+00
-5.338489505698344739e-02
-1.217698984653911243e+00
2.225096767538861897e+01
2.206959016121444961e+01
-9.491522126831348771e-01
-3.593482501137313934e-01
2.154385181309569219e+01
8.732468257626705421e-01
-1.467842850274307942e+00
-8.552677865117592759e-01
2.269120469293566345e+01
1.050416448290605098e+00
2.186428626097455208e+01
-1.417959415182459937e+00
2.151783589862734303e+01
7.303006784748843350e-01
2.186934482978189820e+01
2.199593190318504909e+01
1.367068147860098115e+00
2.234666122437707259e+01
2.169161159162912256e+01
2.205980339857536521e+01
2.231149346958221358e+01
1.232992410522988802e+00
1.466705838438748577e+00
1.603016415588431887e+00
2.190602068669217140e+00
1.285458658675514565e+00
2.214950017229455881e+01
2.266945021723238796e+01
2.228124009090779367e+01
2.160147582495686791e+01
2.204530428108125406e+01
9.228977411185188551e-01
1.010558366120104745e+00
2.152227147047885936e+01
-3.265728104143316712e-01
2.163055653247649346e+01
4.128654650970390860e-01
3.848834764494736826e-01
2.173298336881356363e+01
2.152605887937471607e+01
2.175589880611373417e+01
2.206973034491586816e+01
2.154158960928823063e+01
2.187681225677619068e+01
2.177285444753758270e+01
2.148067081939316836e+01
2.197317506213600424e+01
2.151414847641447992e+01
2.194709091431043646e+01
2.142215215743825141e+01
2.178742320623295115e+01
2.181776261142864826e+01
2.218543382755716564e+01
2.185499940426905141e+01
2.141442234788245713e+01
2.192416798497698238e+01
2.157810958051944539e+01
2.177683767719413765e+01
2.167487901650974891e+01
2.207267626127779181e+01
2.248325120127544707e+01
2.216715810233300488e+01
1.284771095268634200e+00
2.229983055780219914e+01
2.223876037068005473e+01
2.186820581609574177e+01
2.169099361435742424e+01
2.210196246063467385e+01
2.228043476420217672e+01
2.167141656671679328e+01
2.203774083349653878e+01
2.157941040615335027e+01
2.195980319543831172e+01
2.165987377901861421e+01
2.226834948237981138e+01
2.174411446757056510e+01
1.153682881775473623e+00
2.149868682152508015e+01
2.195068964075042217e+01
2.193379461031802791e+01
2.172489774453246625e+01
2.165526131392318376e+01
2.200121581637296586e+01
2.196429227664228989e+01
2.207116247054479174e+01
2.167590965669427305e+01
2.161822793802940268e+01
2.181130200293505439e+01
2.158588287670316319e+01
2.191895761533730891e+01
2.188189469163863876e+01
2.222722533860602567e+01
2.140586242244034310e+01
2.166232236356774976e+01
2.190275488117325509e+01
2.226391064570775669e+01
2.186289857390808677e+01
9.973295355964220121e-01
2.186773121151809818e+01
2.149393272827743928e+01
2.140692166217230508e+01
2.219158450178473885e+01
2.181159159305587636e+01
2.200951043746403357e+01
2.157588276825720897e+01
2.257634946404493803e+01
2.163393347608021955e+01
2.176183780532577217e+01
2.185223506271837834e+01
2.205693950766985978e+01
2.164666775786788477e+01
2.159380994278927091e+01
2.138368386979202640e+01
2.178266264755038151e+01
2.174232465542572612e+01
2.144628988590188712e+01
2.153414298498531565e+01
2.163975647107240263e+01
2.172994974638393018e+01
2.189251487923234052e+01
2.214613988611475293e+01
2.205396877249431498e+01
2.172014708894499435e+01
2.228723542861221318e+01
2.242817161100316525e+01
2.165136122773849792e+01
2.207762903319015280e+01
2.183958773903483319e+01
2.159416581941234980e+01
2.182141711971016917e+01
2.269061518384819820e+01
2.248158718592774363e+01
2.217695763730409553e+01
2.184897654467972927e+01
2.172101195427832820e+01
2.146474852236404018e+01
2.228593248369920587e+01
2.167242534609336602e+01
2.252193066146998746e+01
2.162019332931546245e+01
2.167321037519936056e+01
2.217113401774705750e+01
2.187236518768535021e+01
2.158430708337680670e+01
2.188015972901414585e+01
2.179931299839129366e+01
2.210059920777995757e+01
2.165045852623162403e+01
2.209347207344979580e+01
2.192476945314701808e+01
2.160081075722738930e+01
2.182959227259645019e+01
2.255318798797517132e+01
2.179916571519370905e+01
2.185112067302678440e+01
2.268775290585490367e+01
2.245498967388102685e+01
2.164966331638863650e+01
2.194186988926829329e+01
2.235820212851968591e+01
2.155879217643360946e+01
2.169106445405329708e+01
2.200154268043920425e+01
2.153673044545557858e+01
2.216918640574717969e+01
2.159273820510509623e+01
2.165354064640297338e+01
2.241976676258664014e+01
2.191470504058490576e+01
2.160820692299464341e+01
2.189465935994820711e+01
2.196808819876575214e+01
2.196484505384141883e+01
2.209226549774902182e+01
2.165952061720991040e+01
2.171806451926938664e+01
2.210117623076924787e+01
2.188897333650294641e+01
2.170196495595770969e+01
2.204271073241098122e+01
2.167413304545929620e+01
2.207184553734580490e+01
2.153212358674388227e+01
2.164633147624844511e+01
2.214465618980963058e+01
2.187275809385993952e+01
2.206953166202750793e+01
2.200483126565294256e+01
2.264609350681391930e+01
2.236646900572285901e+01
2.168443421289796902e+01
2.180125343592112586e+01
2.253705753997767047e+01
2.152279991931295555e+01
2.192788145900890484e+01
2.164788502403558468e+01
2.163464724016647267e+01
2.173832830642639280e+01
2.210765389193348440e+01
2.165982186865188552e+01
2.267056052717792980e+01
2.175034504946128777e+01
2.188569418232735586e+01
2.159323672456586252e+01
2.135595907146744210e+01
2.164349229449443612e+01
2.154951749053021359e+01
2.187498441648384784e+01
2.193127225975017325e+01
2.212267987388382906e+01
2.161064285846892119e+01
2.206719204949250468e+01
2.165556035919930622e+01
2.150154004817807873e+01
2.186563299672438276e+01
2.161769401891480413e+01
2.173501039276282043e+01
2.163608633071818943e+01
2.209311444814949965e+01
2.155995996673463821e+01
2.214758519020992367e+01
2.152586927104976411e+01
2.151664945937314144e+01
2.219576186212524505e+01
2.146128145081890892e+01
2.212945415404186633e+01
2.182494782619601992e+01
2.151122056505622382e+01
2.236668157800033185e+01
2.156500338330250344e+01
2.168365757207341815e+01
2.175226853887111389e+01
2.203997145514459532e+01
2.151478867771586678e+01
2.191010230758298505e+01
2.198303722258936332e+01
2.178894713240767089e+01
2.145103083045212955e+01
2.176443697648197428e+01
2.196526299304715479e+01
2.151064134899133151e+01
2.160391344383759460e+01
2.149152820704662403e+01
2.181949024482988264e+01
2.213700116198850054e+01
2.172542431390033713e+01
2.197489935889819179e+01
2.203912707503362611e+01
2.192591269460492853e+01
2.240639590222706445e+01
2.181733421203032819e+01
2.131932404284241400e+01
2.178239971405474762e+01
2.181251669570467300e+01
2.172817028750349166e+01
2.178407458279275843e+01
2.149793279276394031e+01
2.160310212658605167e+01
2.179305856681430242e+01
2.207749045743285521e+01
2.161659028247898107e+01
2.174800173006083881e+01
2.228084392268943148e+01
2.225661748036556276e+01
2.182244673662781054e+01
2.209545273157522161e+01
2.174044944603357976e+01
2.150825167905536972e+01
2.200372419889871267e+01
2.144535332366959679e+01
2.231902699285174663e+01
2.164098973008701776e+01
2.174618527727566430e+01
2.281450640019285458e+01
2.212923334180391421e+01
2.155914694813898080e+01
2.167918720542541777e+01
2.256104805979428107e+01
2.251893216429412092e+01
2.241787075103870919e+01
2.163254625483230598e+01
2.229553692015278799e+01
2.250698304858869747e+01
2.177436822213352485e+01
2.175063013778022381e+01
2.184934743089676346e+01
2.171080297808417114e+01
2.187748885370126217e+01
2.242631064868472990e+01
2.163769572775337835e+01
2.182868300685083440e+01
2.179965882927259813e+01
2.171698611002265977e+01
2.174530526392093321e+01
2.184217852551202554e+01
2.185493415129410621e+01
2.220156666029425097e+01
2.162895211197401579e+01
2.173670112563692314e+01
2.230411276453763492e+01
2.169481274319079489e+01
2.165852458054258278e+01
2.238071867549905747e+01
2.197808085061447869e+01
2.214965203469112964e+01
2.158555773847135484e+01
2.236611957587895461e+01
2.175778471076056420e+01
2.238638267104771984e+01
2.225510074573168495e+01
2.206841005460220728e+01
2.162764307267258346e+01
2.223312382328307990e+01
2.282152887767349370e+01
2.196812295115948288e+01
2.241378963578430827e+01
2.180790422334671774e+01
2.150503646355833354e+01
2.167110282438785518e+01
2.193347180232293780e+01
2.243775845774732502e+01
2.161307954996156155e+01
2.208414006398592733e+01
2.234632021640371136e+01
2.226972944775759444e+01
2.174980487423605879e+01
2.224836796348048296e+01
2.163712219421298499e+01
2.225806421048688932e+01
2.164977080703002699e+01
2.182538791976534398e+01
2.189511545766711009e+01
2.166862190168265556e+01
2.145311677152394481e+01
2.194006184883430066e+01
2.201934095728893936e+01
2.185577984640303129e+01
2.228047109032424089e+01
2.162878576817246667e+01
2.165454647234159680e+01
2.171461728571704342e+01
2.177191352192821583e+01
2.180485452344750641e+01
2.165894023229491339e+01
2.227158927449649894e+01
2.185513230501705451e+01
2.155590420890266756e+01
2.201351195206621014e+01
2.181622088091779332e+01
2.167778165408651248e+01
2.238210962096405865e+01
2.184503702552068916e+01
2.209135614508112155e+01
2.173128319347760851e+01
2.188901286734232343e+01
2.208834519522974915e+01
2.226836092015257762e+01
2.203837352095383295e+01
2.156499650311085148e+01
2.188555085024750468e+01
2.180714034085768205e+01
2.144547575919734683e+01
2.174155855603815013e+01
2.175572798752862269e+01
2.172982889874686308e+01
2.183015974405705251e+01
2.162920394260236279e+01
2.160115807108421038e+01
2.161439909390862368e+01
2.170954431815545149e+01
2.147422297080277431e+01
2.171170662263040541e+01
2.224667359394809552e+01
2.184119783334708842e+01
2.194961796359669393e+01
2.198403176300930184e+01
2.225796352178532800e+01
2.168290896542128721e+01
2.269694259931119973e+01
2.202851630503865721e+01
2.166030898248112635e+01
2.186491549628132702e+01
2.168202612292461851e+01
2.166876706029099964e+01
2.222657347294298447e+01
2.189714987767907672e+01
2.190421640734295039e+01
2.194525577195279453e+01
2.170952338055924358e+01
2.280339542196608704e+01
2.183143184326355879e+01
2.231234049257255236e+01
2.176658423253402930e+01
2.150271602758165201e+01
2.211924911066297028e+01
2.223559916949488269e+01
2.188657921859530475e+01
2.178027672817880145e+01
2.258286689899359700e+01
2.171621492345211379e+01
2.168519284265828873e+01
2.167935301372673962e+01
2.159548317538111917e+01
2.167802104621341996e+01
2.173528409880078982e+01
2.158150302149776678e+01
2.208514711224103166e+01
2.181518007176643081e+01
2.189239369644669608e+01
2.267220557758939847e+01
2.188037419421996077e+01
2.184262822124154013e+01
2.195911829654748360e+01
2.160108550007280570e+01
2.231871907577303560e+01
2.231412734314587709e+01
2.221952890966468885e+01
2.166665468933736349e+01
2.192791705362576948e+01
2.166022230997708675e+01
2.164501313319370368e+01
2.166382382236053061e+01
2.213875259735543821e+01
2.265558197712699595e+01
2.208524213485922161e+01
2.231844672844867006e+01
2.187700621145166835e+01
2.214412940193936663e+01
2.173381053902901172e+01
2.164056611905584759e+01
2.236807106294737935e+01
2.177846282792713595e+01
2.173394817445113603e+01
2.180284018750355202e+01
2.157547963199700192e+01
2.174821816868698221e+01
2.161051777611561064e+01
2.227202278294207360e+01
2.234928171633455563e+01
2.209349359174974126e+01
2.189092563541357706e+01
2.184718348228649631e+01
2.202568044173015238e+01
2.176861788702846923e+01
2.146643830352538984e+01
2.186433661989273602e+01
2.179105258445098769e+01
2.161640925751789766e+01
2.192169742318056436e+01
2.185980678458565762e+01
2.175608595453233818e+01
2.173083718371509576e+01
2.235420818569166812e+01
2.201336235030290922e+01
2.203322320031560366e+01
2.229438627618501556e+01
2.186800628767098686e+01
2.178889438087699304e+01
2.175581972641418460e+01
2.215103915154432102e+01
2.157050136616001268e+01
2.155336216074262268e+01
2.188769047335613749e+01
2.175180814970120835e+01
2.186890594354996864e+01
2.183144293138085956e+01
2.201828571363066445e+01
2.202869018086755304e+01
2.199388616359809845e+01
2.191184346724634935e+01
2.252633744210590905e+01
2.246226748767266912e+01
2.237953151099696925e+01
2.212017153061457009e+01
2.156561090216926146e+01
2.175301712228843343e+01
2.190082942394422361e+01
2.176699221163255515e+01
2.221981234737746291e+01
2.159677721112592153e+01
2.187703116083153176e+01
2.278205288851634691e+01
2.221119623448674218e+01
2.159891185941943448e+01
2.233838413632575381e+01
2.153566455895014542e+01
2.148217165908651793e+01
2.155528394282148952e+01
2.189299202986718385e+01
2.172542533974683110e+01
2.193924446853315757e+01
2.171308626419276067e+01
2.164612938511458395e+01
2.235766664696667405e+01
2.201209301430904475e+01
2.179456442684848128e+01
2.185294563179020599e+01
2.222344089965618963e+01
2.199594290319602408e+01
2.161004976083634688e+01
2.190110109576502495e+01
2.160767235068970393e+01
2.200208882385077303e+01
2.170114960020868367e+01
2.203377535936636988e+01
2.202573686453634494e+01
2.180224228574915912e+01
2.214395324126189735e+01
2.239270926942923268e+01
2.161914949288097532e+01
2.153502535468160062e+01
2.223891145682789983e+01
2.188133015481204424e+01
2.191240917171709413e+01
2.206721766180013944e+01
2.165360614419634899e+01
2.170892522736444974e+01
2.182294346837154109e+01
2.179198969530252583e+01
2.195908935971503695e+01
2.149426413021009807e+01
2.210001183649298540e+01
2.184022499170575315e+01
2.181046736391533258e+01
2.192990652199899415e+01
2.162878424965555979e+01
2.196214668268696357e+01
2.211092853127695435e+01
2.238099941310863628e+01
2.167700288149928411e+01
2.164461446416640200e+01
2.176860930991745846e+01
2.236755644815043809e+01
2.156627963123006708e+01
2.187158555401708782e+01
2.191791440938466451e+01
2.258407798940227451e+01
2.216291709832601242e+01
2.203947173932230186e+01
2.162238899650499491e+01
2.193199410125212268e+01
2.202198287929567755e+01
2.187629317296401510e+01
2.171284316230710942e+01
2.187631854539928611e+01
2.179063063158133673e+01
2.167752244266262096e+01
2.187052736364667993e+01
2.231889578985693845e+01
2.190922194784242549e+01
2.220706092683922961e+01
2.216781382635426567e+01
2.174961505706352227e+01
2.175335834953795100e+01
2.240724411312246289e+01
2.150244205350700000e+01
2.193728332223916411e+01
2.241710589623675176e+01
2.221968363235017208e+01
2.189526484944855511e+01
2.213369880323945793e+01
2.206572979182181626e+01
2.207490900378351739e+01
2.214009115497522373e+01
2.182305389379663652e+01
2.286510907765106282e+01
2.187679825744082152e+01
2.163962595935238298e+01
2.183210487210507367e+01
2.233125128215907296e+01
2.249096713398779457e+01
2.219156585446701158e+01
2.165514358550334251e+01
2.148397560600020384e+01
2.202449020793983081e+01
2.169536954125407036e+01
2.152710194743106342e+01
2.167357514801600971e+01
2.191218667114981145e+01
2.176661156551017129e+01
2.225665962443089185e+01
2.175777132121618962e+01
2.197828208514027182e+01
2.166902404175843699e+01
2.160924197131767599e+01
2.178288567719900826e+01
2.176020505351042900e+01
2.210767996861238061e+01
2.174914113733392185e+01
2.177032610187189121e+01
2.212404579461663445e+01
2.191467625661613638e+01
2.214381158551262985e+01
2.189206681088343842e+01
2.237329157999036866e+01
2.224568066971412605e+01
2.255909372576448746e+01
2.210604736190597919e+01
2.175839214606713057e+01
2.167645013627236139e+01
2.160778609750526513e+01
2.163434991935643481e+01
2.217392469884244122e+01
2.196139987708339802e+01
2.170767082756823996e+01
2.147246498898806166e+01
2.204406041727513355e+01
2.159016348651116601e+01
2.212549210009016321e+01
2.202102412516028451e+01
2.257972532832044976e+01
2.159376275836541481e+01
2.162498561108652950e+01
2.171735659334559898e+01
2.172002652367956443e+01
2.209133156161500366e+01
2.203324546307891296e+01
2.156313671182876845e+01
2.157094003455245002e+01
2.153220116498459902e+01
2.171230241005395811e+01
2.287471924715315552e+01
2.204221369780283624e+01
2.183035610865933407e+01
2.192499239999064287e+01
2.158409229266955975e+01
2.163172367901271897e+01
2.169319152874236778e+01
2.152965791009164676e+01
2.209110974254477711e+01
2.168216916406357342e+01
2.156784628045188157e+01
2.170309424309171220e+01
2.162920932459529055e+01
2.191710722291108837e+01
2.149128201598373167e+01
2.185442924528761921e+01
2.162404280173327820e+01
2.159905597225068519e+01
2.242010990608207877e+01
2.161025186901848727e+01
2.150427624450452058e+01
2.168993285785458269e+01
2.186653565002429289e+01
2.176120452378581049e+01
2.176104357493780128e+01
2.224087329327594986e+01
2.179517112459938133e+01
2.178041227626298593e+01
2.210105729086478732e+01
2.210531889571161202e+01
2.168208832926123719e+01
2.188425832724902875e+01
2.205079831295161341e+01
2.154542291006877264e+01
2.178182004737955779e+01
2.226506110828047724e+01
2.181154163763212139e+01
2.210874724705733030e+01
2.164742773625588868e+01
2.173777359700227407e+01
2.228579857201244963e+01
2.158676974961673523e+01
2.158575064587682135e+01
2.205934771846717268e+01
2.159445349638738421e+01
2.176974250433124425e+01
2.194198307203829401e+01
2.163371131097984801e+01
2.231846196364732648e+01
2.182578751700392772e+01
2.176056297935055994e+01
2.198311450252266752e+01
2.163634552353466134e+01
2.241858756091489369e+01
2.175893091273209023e+01
2.237521028880350826e+01
2.172792795890639539e+01
2.210659700148872631e+01
2.162466481023993126e+01
2.206426148919330643e+01
2.197530346566712112e+01
2.226050564576430446e+01
2.220364776019139086e+01
2.216724547799531919e+01
2.195999444036221604e+01
2.159991253009844314e+01
2.170113169070472736e+01
2.184380561483124339e+01
2.165086224791073022e+01
2.180859252040290031e+01
2.218179457565744883e+01
2.197836562271528749e+01
2.231417022290290575e+01
2.170573016573053593e+01
2.179706506754016715e+01
2.165554337126392070e+01
2.169123212672299417e+01
2.219587382150410093e+01
2.155822992218113043e+01
2.179691642194030621e+01
2.180839478719807900e+01
2.149734387413022674e+01
2.181060371250364227e+01
2.194778654768236592e+01
2.195130335403533195e+01
2.194931898875409715e+01
2.208279717056895919e+01
2.198655221913679370e+01
2.169664985451019135e+01
2.180828853641710552e+01
2.199508525301882500e+01
2.196068398902153262e+01
2.216304829272277388e+01
2.206445570753007246e+01
2.190017125036986201e+01
2.229871781784946094e+01
2.219724514904268986e+01
2.217388540366232164e+01
2.152460520929766119e+01
2.163305574936779152e+01
2.161992398469019960e+01
2.160156434508773060e+01
2.259854798176140633e+01
2.170263726135852878e+01
2.174307573670104077e+01
2.188455241301208076e+01
2.207718340950436087e+01
2.180119371669138317e+01
2.198897169358056658e+01
2.185913566899334981e+01
2.168153991285296200e+01
2.257013104456152774e+01
2.185312243905580587e+01
2.167113474107723192e+01
2.183919120347869125e+01
2.197809625862413441e+01
2.210521067782703852e+01
2.204530524593467433e+01
2.181505811465081379e+01
2.164906809550610944e+01
2.197722024686006392e+01
2.248085621289794744e+01
2.198260671106619668e+01
2.191021238657084780e+01
2.219985830681227412e+01
2.151962096567758920e+01
2.194579294079188969e+01
2.219918172681013147e+01
2.151348039577624149e+01
2.196886217542595787e+01
2.163925849911311161e+01
2.162926183083840570e+01
2.181622923445996065e+01
2.177235238137290807e+01
2.156957616882650086e+01
2.212125504775275786e+01
2.162306747566987397e+01
2.166879980962576369e+01
2.227047521455149237e+01
2.276377091902377003e+01
2.171266121830457863e+01
2.178198380547143032e+01
2.188004251619689811e+01
2.186143417568418101e+01
2.242964422163674598e+01
2.219028710918194491e+01
2.195133319575722552e+01
2.258662810408528543e+01
2.163627355969446953e+01
2.214043683491670578e+01
2.156657527297203103e+01
2.204796585707975964e+01
2.182562316669170599e+01
2.221790958017018625e+01
2.165034733650557541e+01
2.216535524759207831e+01
2.199369932968113872e+01
2.191861181910443790e+01
2.185822435156975629e+01
2.207558008432653551e+01
2.222802216790280028e+01
2.151506013860005240e+01
2.227530199287754087e+01
2.159269507564284751e+01
2.200670070583122850e+01
2.192538051352025974e+01
2.171213705035152230e+01
2.222700548098202589e+01
2.194662822546290215e+01
2.194054512908316212e+01
2.162472004124852987e+01
2.175921817903119759e+01
2.183898111411045662e+01
2.200051382625724372e+01
2.140804310175987624e+01
2.197457581330326093e+01
2.214939853452009544e+01
2.170819528982827862e+01
2.218394577317951288e+01
2.174258185099402141e+01
2.175580196773090336e+01
2.170528426936247257e+01
2.165693855617915276e+01
2.182212732504746100e+01
2.201508915487068663e+01
2.173717234102615592e+01
2.186745194349694899e+01
2.209080524210495966e+01
2.180892983746396041e+01
2.212253358860313313e+01
2.186948763412230079e+01
2.165106620461830289e+01
2.164552165867083744e+01
2.218779053498525755e+01
2.197727035735670498e+01
2.157345397312863255e+01
2.140713407397492318e+01
2.181341289579213338e+01
2.185735926526052708e+01
2.180381576813044830e+01
2.167238933739473339e+01
2.188760968244895722e+01
2.204098548236287058e+01
2.156397874372994750e+01
2.217811234128692632e+01
2.228195003459931556e+01
2.206949676658957671e+01
2.206273805021851686e+01
2.241585126731091648e+01
2.202750006516289716e+01
2.252518999905316477e+01
2.229404443750340548e+01
2.262572020077767121e+01
2.184394435651597988e+01
2.200432154117860506e+01
2.177397175204747626e+01
2.210854106377415462e+01
2.180147603184662231e+01
2.147444040260614528e+01
2.167671563979873994e+01
2.209378084158439037e+01
2.207015270723476164e+01
2.203932311113792863e+01
2.175941180531821573e+01
2.196091265013140514e+01
2.150777646192446113e+01
2.155491613340878843e+01
2.149242952022317965e+01
2.270753139709023216e+01
2.200616242268882417e+01
2.223767743191726964e+01
2.235265466211133756e+01
2.195634543739283018e+01
2.168018775819501087e+01
2.198341141541424903e+01
2.181271412082308458e+01
2.168423152335846993e+01
2.152683268797349925e+01
2.226313696996485092e+01
2.171835185980612692e+01
2.200857085102717292e+01
2.175412020946461666e+01
2.166523705315155723e+01
2.206411121534392805e+01
2.178696398166791681e+01
2.164657449703990721e+01
2.179583932028496207e+01
2.160945865821162570e+01
2.170537271244694466e+01
2.165161106924566425e+01
2.199849000087693085e+01
2.226680518455417257e+01
2.189037055055132086e+01
2.225495938082888969e+01
2.166937418347442090e+01
2.162334150471826888e+01
2.192588596033933612e+01
2.171419079427291265e+01
2.151064840488071184e+01
2.205622176943694512e+01
2.155456981504536174e+01
2.191887630748543003e+01
2.158708135324879862e+01
2.176544625715576586e+01
2.187301276361116820e+01
2.180285341041311753e+01
2.176519460506685633e+01
2.271141042496538631e+01
2.174189825921668273e+01
2.215309163446834972e+01
2.196297070835930043e+01
2.194840401841679167e+01
2.196891584485330640e+01
2.165539055585414374e+01
2.160916036151465391e+01
2.159622753836579889e+01
2.159583724246161296e+01
2.214654836998919052e+01
2.181572141097406003e+01
2.168770662609621880e+01
2.162014696968781280e+01
2.227497752276405407e+01
2.213555783028659718e+01
2.159363835390278297e+01
2.171209998850350331e+01
2.178880154071062591e+01
2.170566284687281211e+01
2.227318310067772700e+01
2.164295270095836443e+01
2.192910772149377863e+01
2.225902653504441631e+01
2.278131499532258530e+01
2.158285321572373050e+01
2.172040928198996923e+01
2.200177053393706927e+01
2.196509429047018358e+01
2.174198424140210761e+01
2.167281591315440892e+01
2.170576620456673567e+01
2.246234880160615077e+01
2.192772494560457375e+01
2.201177856518088305e+01
2.188852905594206888e+01
2.198990986864478359e+01
2.178799430333181419e+01
2.155432191486173821e+01
2.202113204829369408e+01
2.196872076883219904e+01
2.238355033690019269e+01
2.215043025727055692e+01
2.184435864044584363e+01
2.216665749569145305e+01
2.180881475021222116e+01
2.151106518915251442e+01
2.166122055967723981e+01
2.204054057830084190e+01
2.194880690038415949e+01
2.209242048416002646e+01
2.149181893105744123e+01
2.250033253986193671e+01
2.175278016504074330e+01
2.170037664086235552e+01
2.178981672678888870e+01
2.162240761312995829e+01
2.168514686568783034e+01
2.163995645920552846e+01
2.185164227937371351e+01
2.198637449980337166e+01
2.163661753344117145e+01
2.193949963133592007e+01
2.161926439575162817e+01
2.198274270678519926e+01
2.156705600271870082e+01
2.188312058370555491e+01
2.201502604182401157e+01
2.171400772069967999e+01
2.171213191237202622e+01
2.177372698963093711e+01
2.168902111336310412e+01
2.208194931000551620e+01
2.233809953024927353e+01
2.206751906305171218e+01
2.164843459468406195e+01
2.209527030496782984e+01
2.224596866769991976e+01
2.155323146759661057e+01
2.200571584426936056e+01
2.149349884315349968e+01
2.188471964988499963e+01
2.178087674026396670e+01
2.180496020758610598e+01
2.161416538604609983e+01
2.191824730663070042e+01
2.187563683294055039e+01
2.187981853480568262e+01
2.213195432577587951e+01
2.234773805943603264e+01
2.187278696750193063e+01
2.186271042108101526e+01
2.149541197642549051e+01
2.169130645805901736e+01
2.202833997958155265e+01
2.193267140420865502e+01
2.198157108570699592e+01
2.202322021904497262e+01
2.222864314915937811e+01
2.202105558120109308e+01
2.185064057564111195e+01
2.166089025330848727e+01
2.150192102825398877e+01
2.254954458089281388e+01
2.165688514677026433e+01
2.187778212212390017e+01
2.175804174308019867e+01
2.180498095717783968e+01
2.238100349923708521e+01
2.149332812236538004e+01
2.161027925974484987e+01
2.200223411147088015e+01
2.172439468953519892e+01
2.175764135209636052e+01
2.165591410796809058e+01
2.203120447784584357e+01
2.169726150905193762e+01
2.195786495971890773e+01
2.187104880731364887e+01
2.189520683356638031e+01
2.183947337978468894e+01
2.192349900924369166e+01
2.229314026632802381e+01
2.182557877761385612e+01
2.186565357415716448e+01
2.158673402141603148e+01
2.230735168608077501e+01
2.218505273858549032e+01
2.160299098357898373e+01
2.185610220459389552e+01
2.157737216818557968e+01
2.168599193049596963e+01
2.178119155254605488e+01
2.151792724491279074e+01
2.175306350246841802e+01
2.173343437079737228e+01
2.191740765067320140e+01
2.210847981189929712e+01
2.227186224452380969e+01
2.182574773442447835e+01
2.225133806288227589e+01
2.205064675637581928e+01
2.166217832622434969e+01
2.173707327502308928e+01
2.170104921456680813e+01
2.183408517855595932e+01
2.149315521614254720e+01
2.167790150609896926e+01
2.253639990088363376e+01
2.214660960909578691e+01
2.172425792651515053e+01
2.246385648833198800e+01
2.156362444450057936e+01
2.151686532455205736e+01
2.222275450451711620e+01
2.201127285743557138e+01
2.198551580502288516e+01
2.192666496218657102e+01
2.194046508973617193e+01
2.180731496203655695e+01
2.194385177017869282e+01
2.172689298551569337e+01
2.207001849953652339e+01
2.173951975891437982e+01
2.164334279090719093e+01
2.255914202716892447e+01
2.178998449942429971e+01
2.208529857630539439e+01
2.218377852027089148e+01
2.193080912447035757e+01
2.187861772057437548e+01
2.254901357451254995e+01
2.157981008412813040e+01
2.152758430062280937e+01
2.160365332139041428e+01
2.167867515185793792e+01
2.213680773029113524e+01
2.160703287604745171e+01
2.220458786148415697e+01
2.275347408414756245e+01
2.206767450359824778e+01
2.192951145750625486e+01
2.208650044262198264e+01
2.218765932999029999e+01
2.204549064664356450e+01
2.157731688790617142e+01
2.169547629134564559e+01
2.163176279128350288e+01
2.208442738529038252e+01
2.167960269302283294e+01
2.233098739543834554e+01
2.227309485116882826e+01
2.244396716668596170e+01
2.198526653745113180e+01
2.161676267572256194e+01
2.173582122282123663e+01
2.179599517392445307e+01
2.176638772414892031e+01
2.211122068326754686e+01
2.222711152082034047e+01
2.197048951151869289e+01
2.232296016690460405e+01
2.218035350694450614e+01
2.180113365520436730e+01
2.168686050798481446e+01
2.166596793171891377e+01
2.256061566539823815e+01
2.196594984939557804e+01
2.215675540450034120e+01
2.190999060708400847e+01
2.191228157101855345e+01
2.186622802196356119e+01
2.223992404295882963e+01
2.206094242340000733e+01
2.160680519571219449e+01
2.170045564028004037e+01
2.177505400325160423e+01
2.216398565903316964e+01
2.179457601668647015e+01
2.185197079705914902e+01
2.208234390042934692e+01
2.185583053895187078e+01
2.193559472218864315e+01
2.199994060009507990e+01
2.161929370463933253e+01
2.191802969619874020e+01
2.152614084307910147e+01
2.282404992010973999e+01
2.195801344643780695e+01
2.185637224355519592e+01
2.157050162979708574e+01
2.160441334344070441e+01
2.230795733595429908e+01
2.212108052700917682e+01
2.240880155207942792e+01
2.293646314481233972e+01
2.181909252704748070e+01
2.185592135017760640e+01
2.211491464514361382e+01
2.197165995420490248e+01
2.174917580213345758e+01
2.155009211575598371e+01
2.161007369943204992e+01
2.196627585628565171e+01
2.185298132335615406e+01
2.172637106352352987e+01
2.198943079280061141e+01
2.240523995564578286e+01
2.200154724378086257e+01
2.199960729965624040e+01
2.233728904637234436e+01
2.190745923588228550e+01
2.151352325216570449e+01
2.234822900188197892e+01
2.225333166029664156e+01
2.178211351590676514e+01
2.253301838146621705e+01
2.139919479252028722e+01
2.232118527514088413e+01
2.168045783894345035e+01
2.161713630605868275e+01
2.208556751353198777e+01
2.158567157578071871e+01
2.172392182228495017e+01
2.222098216120897973e+01
2.211846801647387650e+01
2.184324015596311952e+01
2.209595643163600087e+01
2.201087565998828666e+01
2.207278988977030565e+01
2.202730905351166157e+01
2.233148972790928610e+01
2.196918963068865693e+01
2.175187078712745148e+01
2.175313855897166704e+01
2.167772706972679586e+01
2.154132093508714618e+01
2.159629437015756181e+01
2.213558957012976336e+01
2.190833861582590103e+01
2.189523185012053119e+01
2.248041175509394307e+01
2.162754664102769553e+01
2.179074856040104891e+01
2.222471738808685870e+01
2.197901814603108051e+01
2.190564872712304378e+01
2.213139849111493973e+01
2.184944879091320757e+01
2.218416816192900498e+01
2.188626712221271475e+01
2.184094556730812187e+01
2.168546052451290151e+01
2.193882297710389295e+01
2.210829682769859161e+01
2.175543162947343134e+01
2.191587137343049818e+01
2.206837462270036454e+01
2.163840348896729537e+01
2.175456691156749045e+01
2.173559566460511050e+01
2.153439545948995004e+01
2.191093261114534840e+01
2.198348770541174346e+01
