-1.596827939416804454e-01
-2.545468730781057953e+00
-2.922853205576307012e+00
-1.833139873828874000e-01
8.993313472119290886e-02
-1.541946310842704504e-01
2.186651675206468326e+01
2.926808963795916041e-01
-5.896792554250309681e-01
-2.809658976394138197e-01
3.648382359252658191e-01
-1.316938692690365897e+00
-1.011214527949390485e+00
2.717522281464365697e-01
-1.492099159590181578e+00
-2.288647950599569825e+00
-3.289384100735389671e-01
-1.439849552846655723e+00
-1.524327370465456966e+00
-1.002086173847756445e+00
-9.148700734168491167e-01
8.632821430474887370e-01
-6.932321457348337157e-01
-4.726620244620196587e-01
-1.265894671146065686e+00
1.272103190661677985e+00
-3.126649522712094953e-01
-5.370168435982601851e-01
5.743268491660638020e-01
-7.829342462473070086e-01
-2.924054891088555541e-01
-5.680426248774463893e-01
-3.286046233937560679e-01
1.440398569709250287e-02
8.178699253168334460e-01
-1.071485298816790444e+00
-1.035167019766710661e-01
-5.113591343010038814e-01
-1.926337631107901682e-01
-3.952270220212205087e-01
-1.490332283926343593e-01
-7.608757606972481602e-01
9.358946655304795081e-01
-4.996933576334574578e-01
9.686424503727409929e-01
-8.486344708757486144e-01
-9.824696649996704778e-01
9.624017269468848612e-01
-6.717135780180072402e-01
-6.309435893628954073e-01
-9.215791470281309294e-02
-8.773218586181453782e-01
-7.335026204619665702e-01
-5.167954696119801961e-01
4.963984512210850020e-01
1.510116544335913247e-01
-5.186655190137388072e-01
-1.074672878242581842e+00
-4.820235709754727704e-01
-1.451239955331445064e-01
-5.516640213705783502e-01
1.130328049536609702e-01
-1.046019069804299928e+00
-3.446989215282102448e-01
-8.985339367541994582e-02
-2.028865680727188342e-02
-8.818726841781625581e-01
-5.565540509466466723e-01
3.614890389853702146e-01
-1.058299290018407113e-01
-1.012925456046495087e-01
-5.963432396311948436e-01
1.026034127083792269e+00
-7.290608743383785173e-01
5.231571065913858121e-01
1.309059684738672846e+00
-1.050839989396274987e+00
-5.754805474696800260e-02
-3.686816448377706057e-01
-2.745856934515064074e-01
-5.513311585977125340e-01
-4.574954749145809796e-02
-7.539306173161038904e-01
-9.779450731410277431e-02
-9.358463986617191477e-01
6.846838809115995961e-01
-9.953180029814063801e-01
-6.215828969881066479e-01
-6.372160517565603199e-02
-1.409008723636561600e+00
-2.045736786788129313e-01
-1.123089003915825612e-01
-7.605818080330795095e-01
-1.402385812873589988e-01
-9.352000380674951874e-01
-4.278625308069275990e-01
-2.909290714239602949e-01
-8.769706472793424856e-01
-5.385137135143753806e-01
-9.171284773300025783e-02
3.245097993223229338e-01
9.012581495486352012e-02
-2.101670395216023168e-01
1.483379513649716541e+00
-5.794084728367511206e-01
-6.158587507931552185e-01
1.602101562662314738e-01
-4.814401041604613463e-01
-7.813113853952866616e-01
-5.905047644898453463e-01
-5.866502821826105052e-01
-1.854001037535956894e-02
4.626780704691262902e-01
-5.837838115546194473e-01
4.014763361096282401e-01
7.856025390029816591e-02
-1.560463760937106370e-01
-1.556984761841443410e-01
2.699466918034942320e-01
-2.454920511521686555e-01
2.443503912983227278e-01
-3.458572684976116696e-01
-3.499272551614825977e-01
-1.102787196574340101e+00
8.958669767346505441e-01
5.499385915440658801e-01
9.697298325763512583e-01
-5.447572925626222862e-01
-3.674004826994125006e-01
-5.628383026863346128e-01
1.399115934130850114e-01
-5.471480179159523560e-01
1.864113654746168275e-02
4.531831394958991677e-01
8.089163951145585951e-01
1.907456953049946335e-01
-1.084692684816708219e-01
-3.446202669400081353e-01
-7.842038911057165329e-01
-3.456843269854493750e-01
2.142214183804466643e+01
9.073299979562299278e-01
-4.758014585092975590e-01
-3.331162834529091121e-01
1.366558890928311509e+00
-9.061839875517694320e-01
-5.346660483150599275e-01
-7.418290661409667752e-01
-9.419482656695629119e-01
-1.689514843312941217e+00
-1.518166077458982466e+00
-1.377717974759295361e+00
-1.445185979873778725e+00
-9.074673946268291269e-01
1.239321905574639393e+00
1.694283868831780726e-01
-9.074681354306163295e-01
-5.992069962886897860e-01
-8.360145375354878505e-02
-5.109426178216367465e-01
-6.490579898340500531e-01
-9.193007216343304644e-02
-1.170476597455479828e-01
-4.077499193205687267e-02
-9.965548170964027008e-01
-6.142347335913687090e-01
-8.544790087800272493e-01
-2.836489882247719141e-01
9.094268121056403587e-02
-5.097190919076707294e-01
-2.144674758170165285e-01
-1.231306226733514864e+00
-6.897987651645252072e-01
1.393449636374649303e-01
-5.153129613660796249e-01
-9.239601329145881170e-01
3.459119182962612227e-01
4.830071916710155233e-01
-4.124342193289857739e-01
-4.182296103821575572e-01
-1.287988477749158756e-01
-1.297230960361080987e-01
2.241301645191207115e-01
-7.104315827176073128e-01
-9.474667355528187951e-02
4.370596760827190341e-02
-1.649935495458752399e+00
3.563486357592049458e-02
-1.755092923499337598e-01
1.603023234212400949e-01
4.198218047855941659e-01
1.334415653339844354e-01
3.392299053840037160e-01
1.041973689146792781e+00
-1.206761909047582293e-01
-9.781023810744313152e-02
5.702398878974445084e-01
4.424820163819208618e-01
1.265264202700084439e+00
-4.406709584314184025e-01
-8.637384985642084789e-01
-9.896089967424211986e-01
-1.339422705198821895e+00
-7.285110844039779376e-01
-3.594408593831235343e-01
1.081378171473753591e+00
-4.732351747412856247e-01
-1.108871212845048193e+00
-1.397915430289006222e+00
3.455769348610047143e-01
-7.875487922034786481e-02
-1.106702367576645862e+00
6.075925657302964078e-01
-1.764773491770186276e-01
-1.360444633076949295e+00
-4.868531930758854820e-01
-6.166323602742385113e-01
-7.183117736455519875e-01
3.023738522253812122e-01
3.301737901458601243e-01
-3.325930744332527000e-01
5.705967069119184387e-01
1.257529059561662166e+00
1.286823644025060887e+00
8.286851671429579236e-01
4.731037093387219228e-02
-4.745039496238457888e-01
-1.149614540963875831e-01
2.197790859073904812e+01
2.843350340348749228e-01
-6.561010792916781575e-01
2.539389757437341411e-01
-2.249446571876876355e-01
-2.171433342639031983e-01
2.768787340625595839e-01
-1.655746980816757974e-01
-8.814561972865717632e-01
1.549420018333039772e-01
-6.487788003998069541e-01
1.420950597675858074e+00
-1.136867853061827027e-01
8.729332568914394130e-03
-7.333799985856754855e-01
-8.159700627042336674e-01
-6.846460072921076723e-01
2.778732881748771089e-01
1.159279370749605631e+00
-1.089747588052200067e+00
1.107447106375857970e+00
1.403865547069655051e+00
1.262167294031675269e-01
-5.135438014470406626e-02
-1.109327184592191040e+00
1.733787616344163229e+00
1.222076680456960940e+00
8.035198749342564728e-01
3.129552045306319696e-01
-7.021748881529386033e-01
-8.044110981781211756e-01
2.056534458764081030e-02
-9.457360551968644335e-01
7.429197840049003299e-01
6.705989683779334243e-03
1.337929565120756115e+00
-2.074808810462053232e-01
-5.927718701307581606e-01
9.826859455850256442e-01
-5.710178297641947953e-01
-7.489136281248338634e-01
8.694508435299554971e-01
5.990945137601288301e-02
3.832807862597563675e-01
1.717425868559504520e-01
-3.967582572545016451e-01
2.201210113381784694e+01
-5.764013781932908476e-02
-5.514732817361828188e-01
2.375598619261756750e-01
1.332158816299120474e+00
6.199953247389132782e-01
-2.562557764843536035e-01
-7.311669590967676546e-01
6.456948147440283448e-01
-3.993447129091035608e-01
-8.980541418738037240e-01
7.742099314921806474e-01
-4.594973530410272344e-01
4.874433383566213474e-01
-4.196244874133313596e-01
-8.098580724920576568e-01
-1.071109181935669952e-01
-4.248013485213953944e-01
1.231212442100051652e+00
8.810577777896378970e-01
-5.958861780965709620e-01
7.972470002747927831e-01
-7.787969131601729655e-01
6.322773714539892120e-01
4.399729068690491629e-01
8.292791648246224945e-01
-7.632239949830217363e-01
1.202447116994999288e+00
1.458912928325254210e+00
-8.602548235086108219e-01
9.198439667539662912e-01
1.471494791557625970e-01
-5.764883145869198477e-01
3.705379526478606023e-01
2.203047101389703144e+01
9.537619113696393924e-01
-3.167201700945683207e-01
1.917902847410344336e-01
4.718826352351793152e-01
-6.385760535527085224e-01
1.192147154124945763e+00
3.338156087478701961e-01
-6.796062388473864124e-02
6.000517527552846619e-01
-3.555580451936851683e-01
1.044060878074350329e+00
2.165273664889260985e+01
9.881034916514915833e-01
2.160775464537109158e+01
2.192566111777043503e+01
1.679720799794566233e-01
-1.537403571465321139e-01
1.055516804907428385e+00
1.289617298470608686e+00
8.082957958622307704e-01
-6.331118606451449637e-02
2.170982441878890512e+01
3.941245036463320028e-01
-1.825949261520221079e-02
1.782546950498118954e-01
1.756783448372023493e-01
4.848156545577264609e-01
1.353898000540766144e+00
5.604265583389260730e-01
-5.731981583739034214e-01
-5.278843360514353655e-01
-2.191493758120042212e-01
-4.384048178421661168e-01
4.913607573847360577e-01
-9.411626011702096950e-02
-9.170005157691335507e-01
1.787972409211076252e+00
-6.096947468208321341e-01
-3.822174154270964186e-01
1.627919146031234110e+00
9.156794387294471260e-01
-3.299581216836374731e-01
-7.217477247331621770e-01
-5.744319902245176301e-01
-6.238528148230281234e-01
-7.736436094286780474e-01
2.147886330851235925e+01
-8.255653765355003282e-01
-6.143914018795166854e-01
1.225564010400074455e+00
1.134624420165633252e+00
-8.657150406045260871e-01
-5.291894349225640948e-01
-5.815044244901594883e-01
-1.414539701054339238e-01
1.643014573539243628e+00
1.424246559137880563e+00
5.662855843014650281e-01
-2.497767344285457547e-01
2.178948398102484063e+01
2.187088354739705665e+01
-2.059248131112576541e-01
2.157312145043234963e+01
-2.669321098315736718e-01
8.417919907688644621e-01
2.147022797525949755e+01
-4.112550753485390009e-01
3.182202427149378732e-01
2.592416558040896435e-01
1.898690648045006535e+00
3.550003925722816644e-01
1.298974760164699926e+00
2.148174883005402691e+01
-9.715974038776221677e-01
1.266300706705748125e+00
-5.868959188288878082e-01
-5.507575802555322309e-01
-1.577739494905149309e-01
-9.404115720024158742e-01
-7.066036156332460294e-01
-3.447287062742709907e-02
-3.065420143165586975e-01
2.154503205503717567e+01
2.161002441026397491e+01
-6.102888046814937129e-01
8.012613315939975944e-01
-7.160447277972498137e-01
9.630958868542679463e-01
4.461466820081585460e-01
1.557016973314542696e+00
8.959344530680725116e-01
-6.216006836094518651e-01
-6.656088128419996863e-01
3.840289669604525780e-01
-6.282978601801953999e-01
2.190454717430171883e+01
1.628851640035049453e-01
-6.206892803960319949e-01
-1.013566366149108999e+00
-1.189848063901567166e+00
2.157088410562010239e+01
-6.230923761058571042e-01
9.130364999596156661e-01
9.069801081734730763e-01
-7.374694657818623433e-01
8.460867659134616581e-01
4.163780639815592988e-01
-3.562445793457339471e-01
-1.340331288042020397e+00
8.444048759694811057e-02
-3.527159255792575721e-01
8.257048546052957461e-01
1.815735176055716993e+00
6.109875621005788071e-01
-7.809538046518986754e-01
-2.799913645661562533e-01
-4.733833072175404055e-01
5.635354450531376846e-01
2.860726465978622457e-01
5.810068636263570063e-01
-6.706798512907157228e-01
1.117420830257491060e+00
-4.018022475567673002e-01
4.244281630598911725e-02
1.377596040995705762e+00
2.996624157446863834e-01
-6.046014933663920732e-02
1.111768994943284961e+00
-8.061177864967932205e-01
2.306811984415604311e-01
1.193082891981014360e-01
1.262242291693430607e+00
1.750702012310471067e+00
1.441360206742425598e+00
-8.225835345922081210e-01
-6.827899664766327037e-01
2.182303229370178599e+01
2.056034971151826873e+00
-2.482812997556063106e-01
-3.645189231709103916e-01
-1.804281636932187904e-01
8.844314297607748232e-01
-5.720463052453050867e-01
1.183512864749140858e+00
6.276368326901826666e-02
1.481578682295129346e+00
1.052993993848936549e+00
-3.199689982804779786e-01
4.290669222907551594e-01
-2.544669613732141178e-01
7.922691634843902486e-01
9.494950387973877248e-01
2.203163290554281772e+01
3.039723438005426104e-01
1.817125861485637373e+00
-1.245393502557507137e+00
1.022124386178750788e+00
1.439824401556386135e+00
1.274590651205508518e+00
2.067709792362899535e-01
1.486914507512391070e+00
-5.814551188349517119e-01
2.161278061770706316e+01
3.094072071100011367e-01
6.434241241615513696e-01
9.398247869303026913e-01
-6.378192982022785618e-01
-3.647653643618844477e-01
2.162771723818316261e+01
1.213816535166895250e+00
-6.025713959368181882e-01
-4.376419302220124763e-02
1.120184431527440516e+00
2.156957394395631766e+01
-5.851120963254696772e-01
-1.032546111519926813e+00
-1.959327866384794614e-01
4.728872634133933772e-01
-7.399871259861510175e-01
-7.731126359608527787e-01
2.168171056277292053e+01
-4.371536727506413200e-01
2.281978480219523098e-01
2.154650571342031640e+01
2.445002366005407657e-01
2.190489307232623872e+01
4.287250231266798162e-01
2.196851760477401072e+01
2.129967247165516220e-01
2.178732317324930889e+01
-8.676766820198230645e-01
-4.190808607745812875e-01
-4.517589993198725118e-01
1.043755437819241960e+00
2.189835294009098376e+01
2.197733001392149532e+01
2.161100870284645126e+01
-2.151330757283342887e-02
1.308107034858977835e+00
5.935101958365567310e-01
1.113154709175458335e+00
-5.231036558786272828e-02
2.211474792418768942e+01
2.023228153356071424e+00
-4.911242211071068509e-01
1.291520608381661273e+00
8.299496886014408048e-01
1.202201472089330370e-01
-3.629912129324924797e-01
1.827238595068435334e+00
1.800626980949001865e+00
1.507063932538897921e+00
2.151131499631709332e+01
-9.358856353877968992e-01
2.200347822052528812e+01
7.673091166357670634e-02
1.726119466357300958e-02
1.600752995405785972e+00
2.182981344540658597e+01
-1.018624854723312323e-01
-2.056730518256283391e-01
-5.760783206638444565e-01
-2.617650395484372172e-01
-4.214334150498831866e-01
4.204443350484447506e-01
1.218836146770873041e+00
-1.991934982457472803e-01
-5.350297288344585400e-02
9.673935166428699883e-01
2.195911278999905392e+01
-1.823813978959298865e-01
1.397214036285742145e+00
-8.683572243119115353e-01
-5.957960528632764152e-01
-3.723362935647057670e-01
-2.079272792611216447e-01
2.145093007455202283e+01
2.155813131975833130e+01
-8.079228475502379103e-01
8.265258630119294292e-01
6.201042954899760318e-02
2.187717273031116960e+01
-3.718057284669071816e-01
-2.672310790783695156e-01
1.166960928571757483e-01
-7.259393800027222898e-01
-3.563488925837087207e-01
-4.661324451650065148e-01
-2.781171176758084895e-01
2.179690868935879067e+01
3.745756806997615485e-01
-1.156364370219328253e-01
-6.608594874227448068e-01
-2.757224230986299318e-02
-8.512128459508421230e-01
2.154649773835243565e+01
1.885505634953411613e-01
2.141344455688766502e+01
2.179551203986656560e+01
-3.738839519111898380e-01
2.174059045400759871e+01
2.191711107226679900e+01
-4.695673866100705807e-01
2.177757350250988466e+01
-7.445700985087566615e-03
1.353782057715774423e-01
2.169200881211309451e+01
2.173283066580238909e+01
2.151748472543035806e-01
8.544084933319650021e-01
-8.022927603634271154e-01
2.295598314758351410e+00
1.078936848592256803e+00
-4.578331348760689146e-02
2.140959600722620593e+01
-2.515612646344415060e-01
-1.050317527151118924e+00
2.187738614159090744e+01
1.551602867788818951e+00
-6.886977681577903798e-01
2.178456642548798783e+01
-2.706059904701947350e-01
-4.495601778788678171e-01
2.140406254476407710e+01
-1.690675432550158286e-01
-2.396483050502246082e-01
2.209099532357636164e+01
-4.225586099709940369e-01
8.118527231812184830e-01
2.168124910150752527e+01
-6.511912018520620293e-01
2.100569150256077045e+00
2.525854056534910796e-01
-4.720972810322698887e-01
-1.785539137567372370e-01
2.159618113262571626e+01
2.153059657710491948e+01
1.195946630998994786e+00
2.189665230220693459e+01
4.860895372267026726e-01
-1.332874840383597714e-01
-1.320184239187018438e+00
2.135848112018502576e+01
-3.922490734823768088e-01
2.187866734098808763e+01
2.189775817683692338e+01
-1.557099947934581508e-02
-6.414274294518138575e-01
-5.008736515362488539e-01
-4.633606799710320301e-01
1.685561851294413271e+00
-5.659589442244327140e-01
2.137358687455980899e+01
1.707735818794364757e-01
9.330790877944935557e-01
2.159494803307543265e+01
-9.786993782006248033e-02
2.157984715586557201e+01
2.169181510555472059e+01
2.157901139088092535e+01
2.160540657096348127e+01
1.919289799285260667e+00
2.157948002595541936e+01
2.200485453410686887e+01
2.815325951446947528e-01
3.656235190539804947e-01
2.147377492740381300e+01
2.172318428021073800e+01
-7.351303634545887089e-01
5.294246027398733512e-01
2.156062793939891264e+01
-3.849306180069465011e-01
2.144017750013414414e+01
2.153895054228530270e+01
2.180290249269009806e+01
2.201486543815562769e+01
-2.944045565951307619e-01
2.208785899738441572e+01
-1.080565487331387908e+00
2.227627567062375391e+01
2.140300495203057451e+01
-3.512490054152211938e-01
2.179848922207243334e+01
2.131191789485467680e+01
-1.133468081102504410e-01
-2.196259397502502431e-01
2.026601953317354043e-01
2.176513474679107318e+01
2.182284843821039289e+01
2.198545824369760737e+01
-6.201974524075326567e-01
4.660565226705659647e-03
-1.485794755516887111e-01
5.046796293581131687e-01
-8.519019873799518194e-01
2.170231064909456364e+01
-7.388882464648454107e-01
2.151691938555676487e+01
-6.204058834555155055e-01
-4.473483384708035748e-01
2.240328782241168781e+01
3.447966653672520643e-01
2.142546323816533516e+01
-5.906498168093463619e-01
-5.676076067414652648e-01
2.153256585415349278e+01
2.140435752783114509e+01
-6.485892503713528434e-01
2.232801262918027518e+01
2.248295292369817133e+01
-2.544035901080385909e-01
4.488836744080220154e-01
7.876975738103448865e-01
6.566115442083120257e-02
-3.570236135763049656e-02
2.290265755316348617e+01
2.138657028375784819e+01
-6.771250121367813346e-01
5.425765816194016988e-02
-2.324417960034933506e-01
2.163642878378642109e+01
1.210201333249600886e-01
-9.265037726784157712e-01
2.165644483653693442e+01
2.159800797539624639e+01
2.213070644287799027e+01
2.161632191397115932e+01
2.154893675102513839e+01
-2.793605549660314047e-01
-7.112415075763560690e-01
-8.109439270238838482e-01
2.530867070490788739e-01
5.860493953692191837e-02
2.178751601618133549e+01
2.145778894664233860e+01
-4.461458795054269455e-01
-1.122117479554206598e-01
2.144508076159029031e+01
2.167326535457314662e+01
-6.406201465397671768e-01
2.145214977503156462e+01
2.184621446724985461e+01
2.148394655742458070e+01
-9.150164686916689716e-01
3.238086707477134674e-01
2.191739163926041556e+01
2.227502849270990737e+01
2.144068802759931458e+01
-7.666986261324545415e-01
-5.444016591511700032e-01
2.176166495656537947e+01
4.395906037593833027e-02
2.155825743437585729e+01
2.150361403580580699e+01
2.146123075675140868e+01
1.845950885297583666e-01
2.158821842346786468e+01
-2.554184431557301460e-01
-7.418766036017412357e-01
-2.576790843642998707e-01
2.148221980321300961e+01
2.169363354624072926e+01
-2.098898644265290159e-02
2.186699216551825131e+01
-5.445548665597086391e-01
-3.679423956901568538e-01
2.144137606890688019e+01
-5.588532452975829568e-01
4.360212005709052097e-01
2.141738453503193895e+01
2.146423645442328976e+01
-4.402508169360406232e-01
-6.130085799254900714e-01
-6.851010005317128559e-01
-4.549540303437888955e-01
2.150743004342555409e+01
-6.439290365628880242e-02
2.171776085615749707e+01
1.386419607961808520e-02
-5.111241013119685039e-01
2.177703585825815580e+01
2.181093657605180880e+01
2.221873612646472296e+01
2.187179563915335123e+01
-6.135654609850526020e-01
2.187587701372450510e+01
2.163052971778962785e+01
2.179091309988164227e+01
2.178266261861310227e+01
2.181998133013577856e+01
-6.673104152913431619e-01
2.133821964968385032e+01
2.213165617680973085e+01
2.160333997259852978e+01
3.294425552323116957e-01
-6.994159418562911901e-01
2.146230884253136750e+01
-7.044362904610672604e-01
2.142953404553822949e+01
-3.440531416851415614e-01
2.175270447211741498e+01
2.167829611330257222e+01
2.187520519328177926e+01
-1.151593109890004518e-01
2.150072576165431926e+01
2.245214947052758703e+01
9.455012572352483602e-04
2.144036112347960099e+01
2.191136257850565627e+01
-7.721817700828473852e-01
-7.214551192179075034e-01
2.175114968619436695e+01
2.154275313355388377e+01
3.632398639507973259e-01
2.156605888560149964e+01
2.150471598267739282e+01
2.164496179862349479e+01
-2.435631655028258624e-02
2.222009202982046006e+01
2.206784729790835087e+01
-5.872596340450739749e-01
-6.725107928454938655e-01
-2.708657857505590849e-01
-8.435684901428697202e-02
2.369234894203876562e-01
-8.257734528426674547e-01
2.163491035213902691e+01
2.179646582553397138e+01
2.153720580504609927e+01
2.155935397346497595e+01
1.556324289650825587e-01
-7.756697522100679532e-01
-6.195429623017453258e-01
-5.409829238817017716e-01
2.150613173766720720e+01
2.182807174451109233e+01
2.204739226352291936e+01
2.193104320635648108e+01
2.182450431885311071e-01
2.151313558832692863e+01
2.192946775292787365e+01
2.221191833416281725e+01
2.148005815111512717e+01
2.200248976497218223e+01
-3.571578305871334624e-01
2.198781894068847009e+01
2.200037698485084903e+01
2.166711042673550480e+01
-1.249978578586538047e-01
2.148037641989217050e+01
-3.945877935641803891e-01
2.140103819673426599e+01
3.054003299612862987e-01
2.154569997876806653e+01
-2.512546928808544466e-01
2.166483394657784345e+01
2.164427118186790366e+01
2.198019259728865293e+01
-2.085714907359221826e-01
-4.033296753389048472e-01
2.154402061238475241e+01
2.149856733014899390e+01
-2.356869532793387512e-01
2.163486426640376337e+01
2.202055365866939951e+01
2.216546242479837758e+01
-8.875610906943756095e-01
5.231876400000556870e-03
-8.679125485542948937e-03
2.205574013064941141e+01
2.145204158941406192e+01
-6.642526047623888985e-01
2.201202921768698317e+01
2.213713576684118323e+01
2.162403564921415011e+01
2.175174031565365951e+01
-1.801051415803640587e-01
-3.623933352173148714e-01
-5.348555346278445199e-01
2.163746513126687177e+01
2.212133142661766172e+01
2.186108413511492188e+01
-6.118164077810043233e-01
2.146311310655970672e+01
1.341009253865876882e-01
4.003258473918298588e-01
-2.455944145330662964e-01
-3.779137749203628216e-01
2.213865594877911036e+01
7.676193462605978013e-01
2.187358726301705758e+01
-1.895775422226183560e-01
-5.105051304660066513e-01
-7.471537810549857550e-01
2.175082521121240831e+01
2.156685827934455801e+01
2.146227364577445229e+01
2.147868323536070534e+01
2.155481885763031258e+01
2.138844566271018266e+01
2.147285274747680717e+01
4.257273722405999772e-01
2.152334366220433282e+01
2.207851717657658952e+01
-4.413896212549998088e-01
-5.162455331962894078e-01
2.153518285437397850e+01
2.137287135706486296e+01
3.403755765594584926e-02
-7.851396026330881295e-02
-6.589386134352558377e-01
2.167059285059976403e+01
-9.388756752735336608e-01
2.175117818858444352e+01
-4.362682779094714247e-01
-3.425584271144299642e-01
2.165710554900112683e+01
-1.221336795945771714e+00
2.144880270143525536e+01
2.191485003329636427e+01
2.159346770331176302e+01
-8.800622567487714765e-02
-6.021005209757053223e-01
2.172424515084381014e+01
2.196222943195476063e+01
2.175073765754563127e+01
2.164506476337084706e+01
2.170208877651067425e+01
2.150875908670205661e+01
2.563588104104401744e-01
2.137972170503862657e+01
2.175938837882895172e+01
1.943367896839731657e-02
2.172692717473715618e+01
2.234865671475258608e+01
2.158705589261681013e+01
2.171994458950581119e+01
2.150564844761446537e+01
2.138404523654423173e+01
1.097052412923611442e-01
2.206531799505580338e+01
-3.084576978730656505e-01
2.168671195571042531e+01
2.155579190162241332e+01
-2.767929513666247399e-01
2.144594910382137343e+01
2.198522416021813797e+01
8.622491736280935015e-02
3.606866715270284907e-02
2.243512403411126144e+01
2.220922052145921910e+01
2.160372057454688033e+01
2.150794020192270040e+01
2.193159991256032981e+01
2.197310352384427645e+01
2.180713297605269929e+01
2.151986481430377651e+01
-6.533178125529097713e-01
7.371611953389489713e-02
2.145505066186685639e+01
-1.079433559226682604e+00
-7.391034196810604140e-01
4.888524595436215536e-01
-1.550819889393331152e-01
-1.583904617857029296e-01
2.156438357839980924e+01
-5.375248144724728006e-01
2.154708911360831891e+01
2.163746903695775359e+01
2.211301160593901827e+01
2.152196637156998804e+01
-1.069153997340047457e+00
-3.485842170579870336e-01
5.369048951500609013e-01
2.221852414035514656e+01
2.154831262520914592e+01
-3.990012537187286323e-01
2.147821821137703679e+01
2.203109493970231725e+01
2.173382830182304915e+01
2.158126360885155037e+01
2.167874441557382070e+01
2.146665684729427070e+01
2.167568046024128492e+01
2.162798009405473110e+01
2.212001713525086899e+01
2.201419877119911206e+01
1.570008387599013400e-01
2.166980147414051672e+01
2.137101966974263689e+01
2.171802256561036160e+01
-4.156678346167382854e-01
-4.068347802120318990e-01
1.107673303616958371e-01
2.187723052204998098e+01
2.170559307950977512e+01
2.154822753785138900e+01
2.183738060919775847e+01
2.161750582273394627e+01
2.184360827376465863e+01
-6.817641980251858413e-01
-1.160066793219165504e-01
2.138221748106050057e+01
8.503393699659300697e-02
2.154715671667837640e+01
-2.255083858989204160e-01
-4.791496655789598824e-01
2.136305897351900285e+01
2.182838837538066556e+01
2.180978186018588971e+01
2.128791028923697937e+01
2.136864043782437150e+01
-9.877352987253538164e-01
-5.328025602035542097e-01
2.143649904119340022e+01
2.154397822971485965e+01
2.163788991478589097e+01
2.173127759811101001e+01
-5.429891025845248187e-01
2.176525640528633687e+01
-2.571946515285550294e-01
1.701650043179718796e-01
2.179989183604956082e+01
2.184245158699399525e+01
2.232550356341164033e+01
-6.653805081705936875e-01
2.176258624225351213e+01
2.201867445325239814e+01
-5.712190537420979153e-01
-4.382683188120918283e-01
2.160484827677235131e+01
2.170387770423405627e+01
2.163638519953386918e+01
2.165334294109579005e+01
2.159645784702924942e+01
-1.356115208087947943e-01
-5.580628504199955930e-01
2.164812587184967185e+01
2.155139096111352970e+01
-8.179011728290070948e-01
2.168408748141000331e+01
-1.415014340825071493e-02
2.157059561131432091e+01
2.170704832461849065e+01
2.152474197606012751e+01
-3.026588612561954550e-01
-5.780167107177560659e-01
2.185549694249972674e+01
-4.446455226342227451e-01
2.154038587862970999e+01
-1.877892299370567120e-01
2.172717205942904073e+01
-3.789558024290122784e-01
-2.869175519354966175e-01
2.191764688501631397e+01
-4.867210972934895574e-01
2.165288190339909136e+01
2.176141857392102352e+01
-7.572253845750173129e-01
2.199795384640961871e+01
2.164053536319636351e+01
2.146948329600586547e+01
2.183631774882390530e+01
3.333888316203899027e-01
-9.241742919000406342e-02
2.162297281667570203e+01
2.207630198971025948e+01
-7.135061778112217201e-01
2.235390891083188780e-01
2.168398706419803190e+01
2.181355300006499931e+01
2.381999213320672437e-01
-5.717286192199684258e-01
2.181668712674563082e+01
2.159614214844397395e+01
-4.542917401674958500e-01
2.155705828881806951e+01
2.166634527661529575e+01
2.180349789719022979e+01
2.680006760602198224e-01
2.179096032832965335e+01
-1.998806377989398309e-01
2.148361632372605001e+01
2.228072612126167940e+01
7.457758852129281468e-02
-3.092729240764201526e-01
2.171255377408304454e+01
1.593503885574931722e-02
2.229693422339485664e+01
2.184687094292806009e+01
2.147141434318134046e+01
5.995027334264249053e-01
-1.195828755863854731e-01
2.167310983053360829e+01
-1.142824072438906047e-01
2.179676524336134591e+01
2.150195890920261377e+01
2.153891841417056696e+01
2.198987511553567131e+01
2.133460144027094429e+01
2.175371638541565389e+01
2.159190876916924395e+01
2.144237250183877208e+01
2.180529923954477667e+01
2.155366679139042319e+01
2.135850404159706883e+01
2.783800005836511993e-02
2.146960760469854179e+01
2.157131144741939721e+01
2.171402657685255377e+01
-3.601831849506587080e-01
2.187594779814042667e+01
2.139922292466620135e+01
2.176183800104258026e+01
-9.759381266466565785e-01
1.092621841765057944e-01
2.184071162463513360e+01
2.167522952844447914e+01
-5.362306333108557421e-02
2.158610154638618539e+01
2.172459335001407510e+01
2.151543352209942483e+01
2.192893591228115113e+01
2.170769521261696156e+01
-1.244672256631842444e-01
2.145114059851867694e+01
-3.841184041569777330e-01
-3.686536209325365077e-01
2.168204777569570396e+01
2.157287492483569480e+01
2.187625517175851897e+01
2.147957128935457405e+01
2.156703297837892208e+01
2.772553768976674382e-01
-4.590661790001444587e-01
7.696686235611062132e-01
2.204453242694707171e+01
2.144503423376265516e+01
2.154103146562038162e+01
2.212361877216710226e+01
-7.129095733184731554e-02
2.216152313451582145e+01
2.211692426216224661e+01
-4.617027949166916390e-01
2.203177672775673912e+01
2.166050374329511641e+01
2.017253483438243844e-01
2.147382235023113495e+01
2.158338855910361431e+01
2.209019325944055012e+01
2.178369471983468131e+01
2.911166990914950681e-01
2.170941396439533477e+01
-6.894496799888660821e-01
2.173810842192179393e+01
2.503306699678795599e-01
-3.305194137178825153e-01
2.184600811297913125e+01
-7.739279562564472803e-01
2.159646990219252061e+01
-2.467933717897290435e-01
-5.161214819471713344e-01
-1.197078667129501950e-01
2.147999374833647934e+01
2.175789096771803344e+01
2.151931349791513171e+01
-8.793912929159980463e-01
-5.848500108461296421e-01
2.166296409517848431e+01
2.175793402364273632e+01
2.188725342045783862e+01
2.223253538489721137e+01
-3.482058829790458665e-01
2.161480009597261187e+01
2.195278487158764946e+01
2.154605130415738401e+01
-2.410638092378062369e-01
2.232010905974753001e+01
-2.015995596780266741e-01
2.188135906631418237e+01
3.935892182545441820e-02
-3.847999916620747918e-01
-1.582115137743922428e-01
2.187883087779648505e+01
2.997583077906633697e-01
-4.832726266640622326e-01
2.196142440206329383e+01
2.168319785300735347e+01
2.143043982302999595e+01
2.151382177429213982e+01
2.188220756782100551e+01
2.218453167823841099e+01
2.152514221230390490e+01
2.195962110767629127e+01
2.145238432921413718e+01
2.156644694252304006e+01
2.182011450487996029e+01
2.176286933313172511e+01
2.188857085782153433e+01
2.154248245978023846e+01
2.194883537914877181e+01
2.171775583915382768e+01
2.174700673003543017e+01
2.405540777110576345e-01
2.174131541293254344e+01
2.195237526737349754e+01
-3.719237552624391485e-01
-1.623090647414238141e-01
-6.357921018233074761e-01
-1.589528463776390677e-02
-2.789583594899661678e-01
2.154264636838020408e+01
-3.488819129885090131e-01
-4.854443541619132829e-01
-6.794333940515773218e-01
2.181043198439547126e+01
-1.107518751305521798e-01
-4.208768604648337464e-01
2.152621729119296035e+01
-6.030370291529407734e-02
2.172172474717023150e+01
2.204610470807647005e+01
2.158392853377606357e+01
-6.407527439195632724e-01
3.278727480232612734e-02
2.172135898786817165e+01
-3.908412697941776592e-01
-5.945159576874392560e-02
2.155772617177359862e+01
-5.453613642355067403e-01
-1.653081231600580514e-01
2.551602841284905665e-02
2.147471859689973783e+01
2.138994517732680833e+01
2.163182163893892351e+01
2.146016981152839165e+01
2.177605112296129874e+01
2.149027239963059444e+01
-4.404372819392582405e-01
2.196325639584858180e+01
2.153883328706969635e+01
2.139827107430925679e+01
-2.592955808046530919e-01
2.208221704769460558e+01
2.125922893456499807e+01
2.168355725912291732e+01
7.516645157050794168e-01
2.198065326087870375e+01
2.173181829032172985e+01
2.155956570833353325e+01
2.145196809492455969e+01
2.152336445252922914e+01
2.144284827315838271e+01
-4.001863323464218691e-01
3.769582621231892805e-02
-4.857854156115947175e-01
-6.951812661935530269e-01
-6.075970849534719775e-01
2.196151156297530704e+01
-4.676392950822085837e-01
2.240046687427572625e-01
-6.756074896626153015e-01
2.140749552931255195e+01
2.155758229455032549e+01
2.219455072322607592e+01
-8.515669041915252535e-01
2.192022144948254692e+01
2.143153718174460209e+01
2.160293635019122505e+01
2.147899437121973776e+01
2.143854184975069543e+01
2.150568975149897710e+01
2.142779162907710955e+01
2.211466184580717353e+01
-5.775237282722962551e-01
2.318766169135245692e-01
2.147029314870215799e+01
-5.835522161496274895e-01
2.197113187124093514e+01
2.144960550836836788e+01
2.149245225610281906e+01
2.184200123013608064e+01
-4.481909922770377364e-02
2.148971823224646727e+01
2.241565365957512412e+01
-1.120164419847746728e-04
2.154805132271177825e+01
2.173380604428912477e+01
2.163295640441994294e+01
2.168560973341432785e+01
-5.142808471894344535e-01
2.163906113407650622e+01
-7.344784743573449237e-01
-1.729000784120563461e-01
-7.757398657507816875e-01
2.142747545076397131e+01
2.155955190116198850e+01
2.179492700397567972e+01
2.152784794796785306e+01
2.162596586756302131e+01
2.159887699805274508e+01
-1.831120223189302010e-01
2.192643494703414220e+01
-3.832231159131753717e-01
2.154492340025652908e+01
3.770711270396149839e-01
2.203797773571892193e+01
-7.081331894102038671e-02
-2.993631336181110658e-01
-5.189863677179925583e-01
2.149352907720059491e+01
2.204378174423176873e+01
2.160274743565540945e+01
2.211083955031478254e+01
-2.142328167255891369e-01
6.632278649675382720e-02
2.188532968775367848e+01
2.931707857279705065e-01
2.194221738823683054e+01
2.201499002900472135e+01
-4.477020715119996996e-01
2.161500316076924832e+01
6.130157519474610517e-02
2.204020667084846252e+01
2.160730537728272083e+01
2.141174156184902344e+01
2.136288338939225184e+01
-6.845942901626261845e-01
-3.045130175445903697e-01
2.150487011665284243e+01
2.173511797727627837e+01
2.159749945030184293e+01
-2.768930805791283145e-01
-9.263474370926210177e-01
2.161032433649684492e+01
2.135815284803192782e+01
2.150062936508426148e+01
2.186503183958134500e+01
2.159131856037247843e+01
2.144551233101291388e+01
2.143749541394435099e+01
-5.476747686131314685e-01
2.141972089313554406e+01
2.141370800943117558e+01
2.164447463558745000e+01
-3.021147083022193147e-01
2.164479350309342109e+01
2.154622904908502434e+01
2.144670690216782916e+01
2.193609740565958433e+01
2.174874633288419545e+01
3.119883200934721046e-01
-3.164738288966528756e-02
1.639882369099433523e-01
2.178619282301808369e+01
2.175422340907859819e+01
7.970767073040974093e-02
1.348545713035719240e-01
2.186804612777246959e+01
2.210382371194862117e+01
-2.294876759809222344e-01
-9.801379532471299338e-02
-6.917073356695524478e-01
2.149121163086658370e+01
2.153569135452964645e+01
6.471431331662449438e-01
1.737962496129249468e-01
2.215089745296312174e+01
2.182213882184763776e+01
2.187919854756048821e+01
-2.528663406439805028e-01
-1.098021759884525439e-01
2.170857985565190162e+01
2.157971371301542618e+01
2.162611108545977956e+01
-3.767731029746561600e-01
2.151604644870071326e+01
2.195747566839832388e+01
2.165711802153210996e+01
2.144142914201713168e+01
2.167328153282339542e+01
2.187439717894548963e+01
2.187104050589744730e+01
8.649985979538987735e-02
2.166017316232879608e+01
2.160190307685811106e+01
2.164673877970048821e+01
2.137550975127106057e+01
3.896073352618228958e-01
2.131813995031297182e+01
2.166812514674077050e+01
7.457827591680643575e-01
2.182225292287265361e+01
2.154101665924078546e+01
1.242088820719671194e-01
2.149260001377368212e+01
2.155527222650356833e+01
-5.107491153415189000e-02
2.137956739475030687e+01
-3.104267482048506110e-02
2.139855417012138616e+01
2.193734843329829332e+01
2.154703671481281191e+01
2.152917149668289554e+01
2.176999911120212516e+01
-9.529615340027675074e-01
-4.967731734964298540e-01
-2.158962852912152952e-01
2.154808102935606939e+01
2.136577303883897017e+01
2.174812547661622020e+01
2.234804667337889583e+01
-4.560206533612030100e-01
-7.321912559696701628e-01
-4.933130910866623253e-01
-7.313812409124157421e-01
2.164954699818727590e+01
2.204478521208727315e+01
1.815016408471521459e-01
2.150470092098706942e+01
-2.044651550216500802e-01
2.158645366519058584e+01
-5.692637591649074569e-01
5.000901982526320122e-01
2.147933548614966881e+01
2.164609867944023591e+01
2.162395173194435216e+01
-5.012636037509853315e-01
2.170456799919148594e+01
2.241139071135472838e-01
-4.870070566842621407e-01
2.161328114034953884e+01
-2.488837910658531216e-01
9.886637729478409131e-01
4.354627147393541620e-01
2.194417487869916883e+01
-5.342001848385130591e-01
-2.524262550131444183e-01
2.179977514520819426e+01
-5.771265754057847142e-01
3.472244089833420588e-02
2.174980079186193649e+01
-5.474870029735651178e-01
2.189801616946638774e+01
2.167860259370077358e+01
-3.536283590431968937e-01
2.178376086715376303e+01
-8.936924673927515439e-02
2.163412898790843641e+01
2.156286079145694146e+01
2.192294702309643739e+01
2.155885191884435415e+01
2.181057271000987896e+01
4.801480503150683532e-01
2.199769357066185549e+01
2.165929494543584610e+01
2.163654005667876135e+01
-7.337410626291090976e-01
2.198686431622038029e+01
2.166569869323908293e+01
2.157747768950918044e+01
-4.937804069183776567e-01
-1.762484647262919646e-01
-3.095086554485406705e-01
2.217990832970082593e+01
2.178806123512329052e+01
2.793171044022527694e-01
2.162946278684889378e+01
2.257328685096352672e+01
2.197535989566715031e+01
-7.314944272507639678e-02
2.144150771755795404e+01
1.982365833708928937e-01
2.159606266691993781e+01
2.139674461518788817e+01
2.169702220960224537e+01
-4.586761734065313290e-01
2.188922678921176157e+01
2.145409798408246616e+01
2.154850401955323491e+01
2.191098748413274677e+01
2.208461681171610635e+01
2.243658414721856342e-01
2.171058061503075010e+01
1.255326812612045373e-01
2.177028103633232092e+01
-1.953687977140513565e-01
-7.629791525519259432e-01
2.180239719251270003e+01
-4.608477476392416339e-01
-7.159768038105911447e-01
2.153561357431284407e+01
-3.930321902579727578e-01
2.129324979918837712e+01
2.160686674285478048e+01
-7.340545006430904129e-01
2.170723932142001900e+01
2.931259390557261479e-01
2.181732005431424426e+01
2.180045130403207665e+01
1.127350514968045170e-01
2.186651331730242021e+01
1.574594812092002805e-01
-5.278599689646163995e-01
2.160594333837902070e+01
2.190681297643549996e+01
2.241790442943587891e+01
2.145396060810547567e+01
2.172176839256843905e+01
2.171892906023777670e+01
2.170786992839389740e+01
8.948661588291229041e-01
2.172138022250503653e+01
2.218564068924213828e+01
2.183642686601810112e+01
2.181790027028390710e+01
8.277857940282868920e-01
2.198010210881738757e+01
2.140318234482954196e+01
7.270674674924277880e-01
2.213719317923107255e+01
2.147190138122801528e+01
2.907114134874236866e-01
-4.486092522967989327e-01
-1.020573408225025069e-01
2.134786586936118269e+01
2.170231184929134116e+01
2.155657052702213861e+01
-4.147819686102171000e-01
2.201007163158746849e+01
2.195095264305409799e+01
2.160902355888779169e+01
2.141176105123053119e+01
2.180366563178714401e+01
2.180762529900803059e+01
-8.622343928812306046e-01
1.498180051903098553e-01
2.162899153283285258e+01
2.197590646518736435e+01
-6.182305573085468131e-01
2.203146505133390320e+01
2.176451101648668285e+01
2.156675588395671994e+01
2.195936671734112977e+01
2.171832032942055690e+01
2.146793089585970193e+01
2.138180174790647925e+01
2.153597367165846421e+01
2.146624185350781389e+01
2.202488016828474571e+01
2.156497589549123717e+01
2.156525788840114899e+01
-7.529095579209996725e-01
-5.917319183682148154e-01
-7.197571920955512237e-01
2.218380743075796246e+01
2.157582891744870324e+01
9.510075222908995762e-01
2.219361146494255976e+01
2.137399320207067177e+01
2.228938947680308047e+01
2.166036384930152181e+01
2.139076991967995767e+01
2.161149112019244711e+01
2.180940381045640564e+01
-6.212114024812261937e-01
2.188234719452531607e+01
2.173784505639020281e+01
2.151026519205267107e+01
2.202505662444061940e+01
3.967862273749678259e-02
2.172003364275962412e+01
2.191294995825505154e+01
2.258990804417430098e+01
2.173704852751693650e+01
2.163527273244337223e+01
-9.697915565833403750e-02
2.173089200735197934e+01
8.034277336362505295e-02
2.161222541152159238e+01
2.163961199820553460e+01
-3.213815207555518194e-01
2.155313082272865799e+01
2.181821781543274597e+01
1.899655423959971667e-01
-4.259556314240924291e-01
2.156338608769759091e+01
2.186805190001351207e+01
2.142670473674996146e+01
2.165410440284503224e+01
2.185452261448688915e+01
-6.609305476076261510e-01
2.162950528962459984e+01
2.143780236797286065e+01
2.158371667201576116e+01
2.164291628431465497e+01
2.182232454073900030e+01
-1.589228454433763149e-01
-7.793674060663235981e-02
2.196467717692623012e+01
2.215862799179026510e+01
2.179646220393116707e+01
-7.213862764343981215e-02
2.194764557890573542e+01
2.156446735351765653e+01
2.146681278077149102e+01
2.139766318526966415e+01
2.079341112177464090e-01
-7.103257520564110195e-02
2.143901861885441562e+01
2.179721001322845808e+01
2.194744732541655807e+01
1.917779985437387813e-01
2.186895311813457710e+01
2.205660379511149216e+01
2.158685270748172158e+01
2.172129110419515996e+01
-7.102211458358167473e-01
2.139020066293636901e+01
2.193575847761668030e+01
2.154348735571492668e+01
2.203402165919702327e+01
2.160447267851700559e+01
-1.166102673229585385e-03
2.150644694786994293e+01
2.204597136072105457e+01
2.155647767565517370e+01
2.162660871999251100e+01
2.132750985693261470e+01
2.150533880066802794e+01
-3.106183228917037686e-01
2.182370601012860689e+01
2.145774512320845773e+01
2.225415719057068031e+01
2.213085401008393305e+01
2.178420173023498307e+01
2.154148354365808160e+01
2.151110547386266347e+01
2.180382330352238185e+01
2.133930858060505642e+01
-3.636910785899076792e-01
-6.080425464709204864e-02
2.175735801037406247e+01
2.175644962314120079e+01
2.175341342163380176e+01
2.157781903201190943e+01
2.140896087569910478e+01
2.183394078153328621e+01
2.147097460430036975e+01
-8.346737790831916248e-01
2.150371588180508908e+01
3.181792945571122466e-01
4.175390795030856639e-01
2.168003032396682883e+01
2.205732155242127135e+01
2.158714817588901980e+01
2.175697324587711989e+01
2.161149586102422759e+01
2.166044701727134125e+01
2.668043645417089715e-01
2.170854419113922518e+01
2.201841058194180434e+01
-6.069118774116166737e-01
2.164132410740519674e+01
2.168171330212500436e+01
2.151905097692800695e+01
2.206619790438939432e+01
2.159036164783254108e+01
2.189801654433513178e+01
2.143590284083818531e+01
-5.649231080839567376e-01
2.145050813771556975e+01
2.190891947279266105e+01
2.174099764105735133e+01
1.113039037081223759e-01
-1.266120707769783360e-01
2.149740196102096235e+01
2.231380532744045553e+01
2.888081718821600141e-02
2.165454159949014823e+01
2.170294070187881275e+01
-2.837990056574012376e-01
2.176649148636286668e+01
2.197064938004325896e+01
2.247412461482982593e+01
-1.115255840726862013e-01
2.125571489693252403e+01
2.152430026293300358e+01
2.157991960124560649e+01
2.215872907197238106e+01
2.158906183234888232e+01
2.156609440462086269e+01
2.165153658180752672e+01
2.202329415936955570e+01
2.148935239952237453e+01
2.168768218586232166e+01
2.170570477881830485e+01
2.165630304532972872e+01
2.171994849101951175e+01
2.165545986835137882e+01
2.151147005300077453e+01
2.177599433700492781e+01
2.165066399526772045e+01
-2.937130801933292013e-01
2.193064856736886625e+01
-6.086799378839995445e-01
-6.273783412144247063e-01
2.207282272366925469e+01
2.177421565852885976e+01
2.155550099424218757e+01
-8.345085028468346433e-01
-3.278293401408254315e-01
2.177886382297063861e+01
2.215883309201841200e+01
2.638973914738801385e-01
-5.124141057170643609e-01
2.137791159141951880e+01
2.179130909675906835e+01
2.163080078769230141e+01
2.253276586724645014e+01
-2.207109268862038620e-01
2.174007540956854001e+01
2.168990423752719821e+01
2.188266660025714216e+01
2.161925097039278398e+01
2.148345186663376793e+01
2.138861293820431442e+01
2.168976893233949355e+01
1.796775478088612488e-01
-2.155574242124879136e-01
2.661143442131356229e-01
2.145510139364752433e+01
2.161133492437462067e+01
2.155839000255319249e+01
2.174418790249224287e+01
2.208829180220475408e+01
-2.677399300226610546e-01
2.141514229991189922e+01
2.164748851024796394e+01
2.165517427784413229e+01
2.215455007957468325e+01
2.191735957227837162e+01
1.681338173332743713e-01
2.172040891838104315e+01
2.179879759941294637e+01
-6.349251756718032880e-01
2.153119889538094256e+01
-5.308266567818202830e-01
2.151664146852066040e+01
2.153938720158346598e+01
2.162878663614721830e+01
2.163414149297089395e+01
2.202369841379012172e+01
2.137464569502007450e+01
-3.302171459933109787e-01
2.129774051522425893e+01
-5.869685821273264992e-01
2.149012490339721992e+01
2.165844523422823542e+01
-8.416936628625459882e-02
2.147770653997955748e+01
2.200602021003234654e+01
2.155543995528162426e+01
2.135053861843092804e+01
2.163062162827017332e+01
2.134566432472900743e+01
-2.647527311601068911e-01
-4.840744010015842758e-01
2.171228833371377576e+01
2.153896234879028881e+01
-1.173208729805461648e-01
2.166324184926706309e+01
-5.300624880600159905e-01
2.162872963388316805e+01
-5.761551918805029038e-01
4.730503509200804091e-01
-5.013161890679420640e-01
2.195247442464758336e+01
-5.907409371413294696e-01
2.222110972364728099e+01
2.181489043861156674e+01
2.194530901541510914e+01
2.142254156776650831e+01
2.174393296460017666e+01
4.074256453416147394e-02
-1.767983864345478162e-01
-1.952317612542208147e-01
2.136781364516567905e+01
4.051586655330579045e-01
2.169725043409576770e+01
-2.047281846478292699e-01
2.851430998388151394e-01
2.155476483537340826e+01
2.181222405083801519e+01
2.159875569026878850e+01
-1.619259919300767292e-01
-7.839388187090332583e-01
2.147948185531596010e+01
2.134917270624735153e+01
2.223080351659256593e+01
2.137399622227737339e+01
-1.179382388093921374e-01
2.182240766273380217e+01
-6.905555557400633315e-02
2.164601257523212396e+01
2.144393248856593459e+01
2.166717141660350165e+01
2.157453142875140983e+01
-1.899795223653850673e-01
2.164157871277841849e+01
-1.840907540076730520e-01
2.147231928577899751e+01
-6.190345051479291261e-01
2.154918209487738068e+01
6.404794948574912272e-01
2.139738344629055788e+01
2.152891679900628219e+01
-6.798526404197531292e-01
1.515801599305102165e-01
2.151363972475065012e+01
2.538954568264444323e-01
2.050436769755854538e-01
2.161587030610819937e+01
2.188892697493306017e+01
1.381850254209047169e-01
-1.846324218031496489e-01
2.187966517790166066e+01
-4.585219647782202701e-01
2.173213286336751793e+01
2.195166717472766393e+01
2.148388434400679614e+01
-7.321948848816433042e-01
2.170606419395161879e+01
2.140803058779400558e+01
-3.725803626134727153e-01
2.943170403592568762e-01
2.182528366038334511e+01
2.154714158118776268e+01
-3.598257493116462369e-01
2.152281461822164843e+01
2.242349323558208241e+01
-4.751973750617650705e-01
2.146494373085335283e+01
2.165687912171122420e+01
2.146928425931843520e+01
2.153200221819807680e+01
-2.032465310909270517e-02
-5.023848454777726236e-01
2.155311166007277279e+01
2.162681923334285372e+01
-1.912005345671203838e-01
2.179896179363159092e+01
2.156761073566132225e+01
3.353838058589356796e-01
2.214109537040024378e+01
2.138059392300947437e+01
-8.994967704563499034e-01
2.152013147921354630e+01
-2.283938394622567758e-01
2.176922762742772832e+01
-3.927443454313773730e-01
2.238805344025708166e+01
2.235397888588306348e-01
2.219109330806591984e+01
1.596050628333343102e-01
-3.982414835654268792e-01
2.168749583638572531e+01
2.181753309263466889e+01
2.182867724315755709e+01
2.185293055038408738e+01
2.168697560452140749e+01
2.178022723218124312e+01
2.206372028877413527e+01
2.182355853654417643e+01
2.182162266793497452e+01
-4.744431843828117445e-01
2.199797307690394632e+01
2.176575044631173128e+01
2.176906891525317533e+01
-2.997791559935201189e-01
2.167210409581078778e+01
-6.268913780782441325e-01
1.697758705273952895e-01
2.143303116716761281e+01
2.238558338727622044e+01
2.191728519250179019e+01
2.170748000719422777e+01
2.153214630574674970e+01
2.174055509585760149e+01
2.149974476947508961e+01
2.223290718852782533e+01
2.160726884685764304e+01
-8.655635980348191927e-01
-1.881574564328875043e-01
2.158388289423967521e+01
2.167261829398228201e+01
-5.758143309107697227e-01
2.168625008631054740e+01
-1.344322843997580730e-01
2.216285964614608872e+01
-5.539686346010034290e-01
-3.097069799261252809e-01
2.178079126282630540e+01
2.154017107048685276e+01
-7.730173471293504406e-01
2.150611380114223437e+01
2.208275734193611939e+01
-4.391033650632706342e-01
2.182475872229382219e+01
2.183337948531194073e+01
2.151962996939541028e+01
2.164376996264456565e+01
2.169589878102701519e+01
2.755820363435956821e-01
2.172932767474546267e+01
2.540455356020980826e-01
2.186905553690785808e+01
2.162856997726453301e+01
-2.762811623681699080e-01
2.184868287099563844e+01
2.193753613476766162e+01
2.219246563617095802e+01
2.179006742110773587e+01
-4.727074729608807813e-01
-6.292243175420981771e-01
-4.217003211779783989e-01
2.196585846863470337e+01
-7.417285167210916352e-01
2.159006817462823236e+01
2.164388734977014650e+01
2.240818604257759006e+01
2.185347347600695045e+01
2.193888148485482859e+01
2.164435641402901211e+01
2.136411654582233055e+01
-3.561115538028475358e-01
4.579428869293230564e-01
2.147476671948003712e+01
2.170190318235719573e+01
3.054577935646934916e-01
5.727044074203457846e-02
7.424842181505852956e-02
2.993333127233325230e-01
2.146095360694990362e+01
2.179835588589801532e+01
2.151955176865565988e+01
2.142369484736535057e+01
2.201601221157076083e+01
2.169070432394544312e+01
2.137836799686481370e+01
2.163285829738928001e+01
3.827202725432454766e-02
2.149869465211429542e+01
2.145113560302889510e+01
2.169685873946542642e+01
2.154453775835935758e+01
2.206332067699865362e+01
2.211593888356378201e+01
2.193125261085426914e+01
2.133003422128834004e+01
2.186150432260312115e+01
2.172155484489284660e+01
2.173357926118650951e+01
2.143600317461989491e+01
2.154734603499343848e+01
-3.366677814220930820e-02
1.235175910610730732e-03
2.151818627061041056e+01
2.180179197456122608e+01
2.184512229676067108e+01
2.152339437506986997e+01
-6.849516070917438526e-02
2.128355758084129334e+01
2.189094801998663087e+01
2.183850573612266643e+01
2.188101445585145655e+01
2.156315117381873847e+01
2.208117632177326328e+01
2.187549566163158943e+01
2.146992875364768594e+01
2.182323056144004170e+01
-5.726790670639292369e-01
-2.934678080306295511e-01
2.215317653006286847e+01
2.145656163257121563e+01
7.175329449167302531e-01
2.153412683048369658e+01
2.176791752270662528e+01
2.185111619412356987e+01
2.160557643382927040e+01
2.147625091562358435e+01
-2.231177278484376414e-01
1.623577672816889361e-01
3.940100297655874106e-01
2.150577111559159249e+01
2.146509268370495960e+01
2.153431079661715941e+01
2.224319067454016974e+01
2.175042163459382749e+01
2.155720501117557575e+01
-5.671223570473975517e-01
2.243276283833917617e+01
-5.828723832729039156e-01
2.169798830745068940e+01
-5.776615151484760791e-01
2.188368549525222662e+01
2.146008121577781225e+01
2.226039528427648051e+01
2.165728000811645870e+01
-3.623584535454573707e-01
2.778928843687147321e-01
-2.375406633101605491e-01
2.141115365733503140e+01
5.543555484151965196e-01
2.233221415725394721e+01
-4.964623700745889878e-01
2.171755098369638759e+01
2.157833112520579633e+01
2.176514268536298857e+01
2.178931863707908079e+01
2.153365892034023688e+01
2.199170283274816384e+01
2.146447803410539734e+01
2.185414959327597728e+01
2.228635852180190824e+01
2.147508883325584605e+01
4.256546357391144397e-02
-8.832790333928024484e-01
2.166992373320120535e+01
2.178078198368281093e+01
2.164636498728796354e+01
2.135562897938263660e+01
2.156653727049712899e+01
2.140992246594896997e+01
2.176756852548066234e+01
2.165279639600631967e+01
2.150273973181248621e+01
2.212525055567325794e+01
2.168662636107590558e+01
2.190971173038653319e+01
2.238830529259287871e+01
2.171109830055661050e+01
2.224094622364932405e+01
3.449452659084222272e-01
2.143927273558196589e+01
2.195721058679222537e+01
2.142814064560197806e+01
2.168517758943400864e+01
2.171150566965944506e+01
2.216149729473319852e+01
2.143042203363935982e+01
-3.270615112367413202e-01
9.691955015804398776e-02
-1.589739870061335214e-02
2.220209832609926082e+01
2.148236239029136385e+01
2.207884182998405009e+01
2.146523251197921311e+01
-1.504789289736788716e-01
2.177235408943216299e+01
-5.152538635528203237e-01
2.142310744228938546e+01
2.160271744375920733e+01
2.212516541348516697e+01
-4.783144955101811258e-01
-5.573376870994053434e-01
2.152936328359256990e+01
-5.071927075174746946e-01
2.135930030357140197e+01
2.180807499218549594e+01
2.205695382496889678e+01
2.180266219720101972e+01
-4.847587055105279097e-01
2.141961934485767571e+01
-3.348162796142098996e-01
2.168851581672342377e+01
-5.283490905256260639e-01
2.177256213258606721e+01
2.180793579630643109e+01
4.390200904598517972e-02
-9.280539273697741010e-02
2.158911564158218965e+01
2.219364043722134028e+01
2.148286332604585880e+01
2.182613833792838420e+01
2.136576765967541647e+01
2.125895970003139013e+01
-2.590818963446473999e-01
2.183776577163633448e+01
2.211315081987190467e+01
-1.631759166360646773e-01
-8.739004486604741162e-01
7.444426160252470837e-01
9.154469202224931879e-01
2.180267020894406471e+01
2.152891572015809629e+01
2.195523383303859077e+01
2.151391029052669879e+01
2.202871721778154424e+01
2.168124007816961196e+01
2.190965989486686993e+01
-4.255244740047267049e-01
-3.982789112758510219e-01
2.184048337302962395e+01
-3.208532302244522239e-01
2.130207132663071690e+01
2.149867260181189366e+01
4.565844751404033453e-01
2.146312452470997556e+01
-3.000150081580978956e-01
2.143734476287334090e+01
2.145233074675693175e+01
3.792663082172632594e-01
2.185096907755028539e+01
1.193232259088824465e-01
-5.810078155391168453e-01
-5.661905761175622942e-02
2.151828323047965341e+01
2.184492232359055564e+01
2.232966788572796801e+01
-6.403032284072597280e-01
2.185244721798593304e+01
2.142893037644499188e+01
2.147349152667473859e+01
-6.662100670195036933e-01
2.196882658366715901e+01
2.233391586825167963e+01
3.710054027734578375e-01
2.153708181981496494e+01
2.144196033555668635e+01
-4.417890875570910092e-01
2.186505612012952682e+01
-5.101378517159498305e-01
2.206164403670223351e+01
-2.527139960664405161e-01
2.156342906376025326e+01
2.157304560635737190e+01
2.154367908047618840e+01
-3.765613677504260348e-01
2.179069045690790318e+01
2.185491607289126392e+01
-5.657145219803061398e-01
2.143696985241843933e+01
2.687506673668975665e-01
2.171477999301319173e+01
2.171475948394139266e+01
2.199701985176586660e+01
2.136752628479872484e+01
2.183582800850315664e+01
-1.951247337320111130e-01
2.154427819008921219e+01
2.136040225946700843e+01
2.151443259174396871e+01
1.520311370719629185e-01
-4.001376764321469270e-01
2.159073054565221383e+01
2.128953370627628416e+01
2.148640114287286451e+01
2.153742580272269791e+01
2.158817673812593085e+01
2.161651881193552782e+01
2.173206909633842088e+01
2.170948493435786375e+01
-6.800359356435374814e-01
2.151808956453602306e+01
6.352925970421408053e-02
2.190728074111000367e+01
2.236741554247797126e+01
-6.972411495943401372e-01
2.139739525660624864e+01
2.168158457906028858e+01
2.153062541017357034e+01
2.197576256014205498e+01
2.167133829290967384e+01
2.171539103671232951e+01
2.202889154387057857e+01
2.158764573746478987e+01
2.144794074943450823e+01
2.149409063726757552e+01
2.146697767115546895e+01
2.187186317506927580e+01
2.207988442719579325e+01
2.154192418639851780e+01
-5.568656026699546624e-01
-3.436305855520024322e-01
2.185273699763543220e+01
2.146227992483181524e+01
-1.448523070181414463e-01
2.155831184090244790e+01
2.192670282517102720e+01
2.213642805909311662e+01
2.139514287101825118e+01
-4.713833254339648837e-01
2.151101876529891754e+01
-6.350679383937547495e-01
2.155271692185345600e+01
2.158105522012827393e+01
2.196353495443101167e+01
2.227255364662470427e-01
-5.084260877142816604e-01
2.451517653184061007e-01
6.547633131336996204e-01
2.176843016754173732e+01
2.203882162220309837e+01
2.157298012446963043e+01
2.192031044969738218e+01
2.215947423742813527e+01
-4.179290354908897775e-01
2.173318354018957166e+01
2.147996461870319251e+01
2.141615478383189242e+01
2.151815706231970537e+01
2.178190274716382646e+01
2.149184242545978307e+01
2.857390922292516455e-01
-4.240405869286161256e-01
2.180066499330355612e+01
2.206602233284220560e+01
2.158421361959078055e+01
2.169950180000996909e+01
-6.569962848818466927e-02
2.165471491010501737e+01
-7.866265624165993398e-01
2.192239331092865839e+01
-4.632517245792694416e-01
2.153508777597779300e+01
2.155947117535965774e+01
-4.910616998425890722e-01
2.194475878419460457e+01
2.148848997193715959e+01
7.322724426549354071e-02
2.195489092219426297e+01
2.184205515154278388e+01
2.152546548244517410e+01
2.191646870180002082e+01
2.159912558889354628e+01
2.183741192194931813e+01
-3.183442080244097694e-01
4.306724229272973492e-01
2.175366310547915205e+01
2.187654337843077457e+01
2.165326864558046793e+01
2.161591448367931889e+01
2.220536026184224099e+01
2.167844230086095791e+01
2.158350565039950553e+01
-5.850678315433931465e-01
2.146715582895698304e+01
2.204424919945020278e+01
3.263225762164839727e-01
2.213539825884066659e+01
2.214620374374873180e+01
2.150424205798492139e+01
-4.416587919789235483e-01
2.138353448932346268e+01
1.317519309176855558e-01
1.339336712496008719e-02
-2.905353354690216605e-01
-8.056498272801593252e-02
2.174464365803214605e+01
2.177149019352079407e+01
2.146465613109080905e+01
-1.471422672777227270e-01
2.180873948509469074e+01
-5.088004372538590392e-02
5.197368182584096719e-01
2.177160428696121386e+01
2.138038006151830572e+01
2.178141333866725304e+01
2.167959887743389302e+01
2.145267095154521897e+01
2.158220514992282446e+01
2.150676085636666102e+01
2.172274685394937066e+01
-2.029166914287794388e-02
2.174883814312185848e+01
2.166401882824141367e+01
2.144933854066873025e+01
2.164415417054314617e+01
2.447637970467431145e-01
2.207971674934112372e+01
2.175950273130124657e+01
2.153821174312409781e+01
2.180296909607834621e+01
2.135324400910021936e+01
-4.927924530733299169e-01
2.179030131543132853e+01
2.184349630754222460e+01
2.185497093040525129e+01
2.193635471492914135e+01
2.168709250245527898e+01
2.190427399036807188e+01
2.206328987782953988e+01
2.161099546123712756e+01
-3.313435032619306275e-01
2.192249009107987234e+01
2.208344894115580459e+01
2.206839577660204910e+01
2.139986139802048370e+01
-7.252259490566220768e-01
-1.590738269583007458e-01
2.124815731268043351e+01
-5.667456767986184252e-01
-5.043838591360700896e-01
-4.744988210913743121e-01
-4.490278824886408948e-01
2.217068703479595371e+01
2.160861972877589565e+01
2.192769506539803359e+01
2.139902610437054165e+01
2.156273026110526558e+01
2.199530240096754952e+01
2.194009539966530298e+01
-6.130991336053661644e-01
2.193135797731326875e+01
2.139106954438500097e+01
5.799025877229713188e-01
-2.642107281910863747e-01
-2.631331774040903682e-01
2.191053732427610257e+01
-2.358310226297992696e-01
2.068235462002837588e-01
2.188163573672153817e+01
2.260979671611438846e+01
5.563858914578079240e-01
-4.977041642280194966e-01
2.175902862988958120e+01
2.143694134707808630e+01
-6.979243893972786328e-02
-2.633645543270144440e-01
2.248447850096360057e-01
2.190823455087636873e+01
2.144103700481048946e+01
2.188488408841488919e+01
2.179103814401611316e+01
-1.888882148473725042e-02
2.188060391288434303e+01
2.177460706206423069e+01
2.171870446841436575e+01
2.186582685914925150e+01
2.202517532686297486e+01
2.181474040962402938e+01
-4.039532417783279206e-01
2.210122150430661492e+01
2.134183637168779057e+01
5.984317854994377628e-01
2.182627664197829631e+01
1.858764530969410078e-01
-5.447445844147136285e-01
2.150175985473019580e+01
2.162475937549059424e+01
2.350595723399928616e-02
3.310043345182650532e-01
2.152933160540696633e+01
-1.451272648452014424e-01
2.157793620437251292e+01
2.141592194129406579e+01
2.203544243007576142e+01
2.145313420206760568e+01
2.196983732899025199e+01
2.167848009692631450e+01
-2.614297762786876866e-02
2.183710843101312093e+01
2.166939940724592262e+01
2.215595510907209587e+01
-1.077895663759848022e-01
2.179217886193405818e+01
2.173844110341859093e+01
-6.397431038101057954e-01
2.175342304020788120e+01
2.155731818539081601e+01
2.189564433049813275e+01
2.198830666287920010e+01
2.155195380322143350e+01
2.150262309240570602e+01
2.181212247067056964e+01
-4.661760794142124076e-01
2.210188222645135170e+01
2.195405063790979483e+01
2.211627421630295842e+01
2.160626647056022165e+01
2.155281763240879656e+01
4.295707248327765848e-01
2.144967099059845239e+01
-5.282425859022573666e-01
3.372174871710431621e-01
-2.382779803850277878e-01
2.179091452115557104e+01
2.149737829672712763e+01
2.159077907290341614e+01
2.209906471173494680e+01
-8.232661252854001077e-02
2.217018127561916430e+01
2.156893301073507629e+01
2.164562018584658176e+01
-3.131628503318520940e-01
2.184384312234050896e+01
-1.494660693570745158e-01
-1.558944907899474375e-01
2.157555685151641001e+01
-7.245932310935849774e-01
2.173848472423181022e+01
2.160998334920384778e+01
2.141244457835987092e+01
2.144497726644367575e+01
2.142394191988149288e+01
2.152470118105092212e+01
-1.800527126334086070e-01
2.144614900869719776e+01
-1.648857897590345623e-01
2.178308130770928130e+01
-4.213560302686384373e-01
2.208061479794762860e+01
2.149299090699049586e+01
-4.748533601022242312e-02
2.153938036670806611e+01
-3.876181407907208776e-01
2.185242349315113586e+01
2.151478319037762788e+01
2.249359553924165311e+01
2.145090123657246295e+01
2.185804486198411212e+01
2.169519848594896061e+01
-7.404253780162207699e-01
2.157829363663929456e+01
2.184812797436209664e+01
2.182361238648662649e+01
2.168191217847883934e+01
2.138200894197482782e+01
-6.601450632576546518e-01
2.147889033626477584e+01
2.200935790005885195e+01
2.217249132996337124e+01
-5.860324884109072707e-01
2.185506910201586805e+01
-6.614551402416188886e-01
2.156169099637318709e+01
2.174204095555256089e+01
2.155713330603415301e+01
2.174967223173731057e+01
2.163082540447712887e+01
-2.709174547156879553e-01
2.161874697623881758e+01
-5.152200937241542267e-01
2.217704749961574251e+01
2.144146043461200790e+01
2.132755650597159303e+01
2.159560446884262674e+01
2.164806429881420158e+01
-1.925275294974528872e-01
-6.023936271083272231e-01
2.151396788920204628e+01
2.208089629814755739e+01
2.158280026829548248e+01
2.157071467198259995e+01
-2.240116910851359666e-01
2.174217055884447802e+01
-1.325985427607105915e-01
-1.911084921246409829e-01
2.208504786692686395e+01
2.153215513702957296e+01
-3.628140117425693312e-02
2.177969997216332487e+01
-5.959356805611111252e-01
2.212679754278937594e+01
2.196711524195224641e+01
2.162292563704918535e+01
-6.804140992988257919e-01
2.677183496858726031e-02
2.171624488690914134e+01
2.150463944458216403e+01
2.262926427615838776e+01
2.163903585089009596e+01
2.144547756950323603e+01
2.161343968572721508e+01
2.190008113922110766e+01
-5.790611806558558783e-01
2.152043570751126467e+01
2.147984673541359868e+01
2.198275907286778263e+01
2.178826188811226672e+01
-5.141025323271748437e-01
1.745099141353441130e-01
2.154948391117854811e+01
2.180050128015913558e+01
2.176774912416754404e+01
2.359988056604634954e-01
2.208276862791400319e+01
2.190403862063493889e+01
2.172485241568503156e+01
2.149169694088294591e+01
2.182362263632542465e+01
2.183286444935487225e+01
2.210525117272905149e+01
2.194335200537441111e+01
2.699649805256778556e-01
2.171655262894180538e+01
2.175642372609815922e+01
2.167562478514868118e+01
-3.964320141996457991e-01
2.147882295316298595e+01
2.133418875920169100e+01
6.396417110680063800e-04
2.191717455995750186e+01
2.180362671129319807e+01
2.224102661130575598e+01
2.146741845817317085e+01
-5.837330941130556283e-01
2.143180704338971054e+01
-4.646492863105057269e-01
2.194585963533930340e+01
2.199103204112970644e+01
2.406135654762598941e-01
1.389133423978526904e-01
2.150451244221533642e+01
2.182841959908736484e+01
-2.473738264217286709e-01
-3.846198446523309000e-01
2.166794224218708109e+01
-2.430308761504883508e-01
2.152853790985790283e+01
2.181460952127650899e+01
-7.048282072792813047e-01
-2.564862401081160481e-01
-4.139354948827638214e-01
-1.235932025858237360e-01
2.168740351530882293e+01
2.184726545750608651e+01
2.141120875064414619e+01
2.139031598757569341e+01
2.185234221294481571e+01
2.220519038101625853e+01
2.581134965544865656e-01
2.197763504020508307e+01
2.137968762905541809e+01
1.422449583008645879e-01
2.159038978714879065e+01
-4.106190446800375149e-01
-6.403603390655863148e-01
2.168424118110123544e+01
-1.845895087949983582e-01
2.152481492349915015e+01
2.156589178175513055e+01
2.159214407922775081e+01
2.164110835935314725e+01
4.156857389446407813e-01
2.174603592679294906e+01
2.146598094851904648e+01
2.193483593223001193e+01
2.141422668994772849e+01
-7.903765801268392011e-01
2.152704498934545185e+01
2.166830413813166345e+01
2.141029990321156262e+01
2.184913674969408959e+01
-1.556729219783634655e-01
-5.979383803869559033e-01
2.184033244589728184e+01
2.211631078765883629e+01
-3.501314452651675957e-01
2.143343173713911298e+01
2.183421081137573694e+01
-5.732832331184856134e-01
-4.741088282011104438e-01
2.159221011480513397e+01
2.511404114297237644e-01
2.203764576340100945e+01
2.156826243981330293e+01
2.161019333834134670e+01
2.175766854384694682e+01
-1.878686266932647619e-01
-2.860706854136837451e-01
2.164217201015287984e+01
2.195207954017197594e+01
2.174603631721626940e+01
-5.409251330129452029e-01
2.180985609196728703e+01
2.173049885306223672e+01
-6.212108370988712602e-01
-7.006854726155410384e-01
2.137959998130664374e+01
2.206467789556470294e+01
2.158682585184261526e+01
2.197323600083566930e+01
2.174948440584666898e+01
2.192653128934528439e+01
2.210277563350321728e+01
1.046443683107163292e-01
2.203208736726090322e+01
2.164420930348166294e+01
2.152032539577367132e+01
-3.816038934864115495e-01
2.173373694295507619e+01
2.180206115693178859e+01
2.136711408746543128e+01
2.180395069211001058e+01
2.186986602738144114e+01
2.176889798661393982e+01
2.209945990314004050e+01
2.186796978622895438e+01
2.154183055594216967e+01
2.153867221056877312e+01
1.512060460458810596e-01
-3.854711053170045698e-01
2.209985681359303200e+01
2.168520842318778108e+01
3.885209603269013101e-02
2.206473477603912414e+01
2.201958480600857726e+01
-2.263500736707717564e-01
2.216339654983271856e+01
2.174862153006066379e+01
-2.579341798429919397e-01
2.769232401724383008e-01
-2.696462648410780094e-01
2.181004567206554157e+01
2.165422900908797033e+01
2.148475954096498697e+01
2.176606278504913661e+01
2.176786254792055075e+01
2.157733507000621742e+01
2.159081266315568826e+01
-1.495095333102205437e-01
2.174041960536202822e+01
-6.765143771414812157e-01
2.204899107447792517e+01
2.200312753219564499e+01
2.165478751558542569e+01
2.184876161381625437e+01
3.859371448358649426e-01
2.153051235391125218e+01
8.244618775617196249e-02
-7.027681812637882608e-01
2.184350823704015454e+01
2.153903462755870990e+01
2.170117951579949889e+01
-6.642060671181730935e-01
2.176920818858630469e+01
-3.967002296825451468e-01
2.176845183476859091e+01
5.872507195145095782e-01
2.216031239279164922e+01
2.235025044719292353e+01
-2.270070848392683471e-01
2.181618729504288723e+01
5.549498963753688452e-01
2.156048914102802172e+01
2.208363730214318821e+01
-2.535729087203882903e-01
2.159038991053102308e+01
2.176095608916986990e+01
2.196497449162520610e+01
2.210552782686661288e+01
2.172274704991937355e+01
2.167202622184695926e+01
2.140579570530825393e+01
2.166738730827473347e+01
2.443057599689646420e-02
2.154904662461185083e+01
2.145053101613814661e+01
2.153383839580570580e+01
-4.964237728642958980e-01
2.186400907344003031e+01
2.159455409773115164e+01
-5.120136937973451818e-01
2.137199612203896493e+01
2.520786038990396882e-02
2.209348940106103854e+01
-1.083623719475775848e-01
-3.583890608362483299e-01
-4.652435033939010811e-01
-4.003210427308027120e-01
2.193816526609803219e+01
2.198479381055373238e+01
1.748211747875050293e-01
-5.856725212107130041e-01
2.166985982576762737e+01
2.158365518743149636e+01
2.181169151206392343e+01
2.188696862297166135e+01
2.215789237466630368e+01
2.179677080906542841e+01
2.149919153909572245e+01
2.184034512409678541e+01
2.162694180617071282e+01
-1.128693784200953676e-01
2.148050644931038633e+01
2.179943773888463809e+01
2.160564909161569247e+01
2.173774991327000805e+01
2.170007429763014883e+01
2.135038345518224290e+01
2.146521797911692175e+01
2.163242750375538392e+01
2.184002216808472951e+01
2.177004162286662847e+01
2.195994168893586362e+01
2.148334842978087167e+01
2.138399187885601194e+01
-8.879099804182736255e-01
2.194701116980709088e+01
2.136135034351617890e+01
2.226350241842266087e+01
2.206144415524026670e+01
2.191932889369134330e+01
2.187681527886803678e+01
2.216323553874781283e+01
3.363201619418457744e-01
2.149308336805858133e+01
2.173522249594096323e+01
-9.769507365342122718e-02
2.172071285023830711e+01
2.144633664667062334e+01
2.177517382610416519e+01
2.159354449998609482e+01
-7.495205095619237312e-01
2.144814926003879307e+01
2.162960282361647657e+01
2.150691957850288460e+01
-3.134887074361237813e-01
2.156031845927979163e+01
2.171735590635263691e+01
-6.761881602815549286e-01
2.164064073628056661e+01
2.200674364908540426e+01
-4.208991825824828226e-01
2.162561495910232878e+01
2.172740092215439134e+01
2.173899507692383182e+01
2.196084647879023066e+01
-2.064638346489701126e-01
2.143751762924888382e+01
2.176693920707135277e+01
-7.889649370413309715e-02
2.154868668471453930e+01
2.141537946237432877e+01
2.163123808232158751e+01
2.167563226508017493e+01
-2.245698337952314327e-01
2.205930816866862187e+01
2.144397625593519763e+01
2.162837107956078597e+01
2.148978137271337019e+01
7.622934352864696450e-02
2.176108597042116699e+01
2.187104566442932452e+01
-8.488728535733069958e-01
2.186047806021634443e+01
-6.592300606721881451e-01
2.147665897813276814e+01
2.163841940565009381e+01
-3.078699123373451751e-02
2.163205050756982217e+01
2.149643231918860664e+01
2.158653843395398297e+01
2.144771510199899467e+01
2.239854325883141328e+01
2.183620139446150432e+01
2.154660356820777878e+01
2.184560205109574227e+01
2.195704062736757933e+01
2.145460807717175555e+01
2.153155053764340821e+01
2.211087475248477929e+01
1.114567903836804375e+00
2.178942728728868161e+01
2.135274891257710550e+01
2.139014155001076034e+01
-4.874280245778637721e-01
2.401771589273777874e-01
2.175977564261827979e+01
2.158414904321875838e+01
2.167576044018571935e+01
2.144005627813703896e+01
2.168400950430838492e+01
2.145683152787181669e+01
-4.359181030573373583e-01
2.154204066026756337e+01
2.152408786457570855e+01
2.148163728526386507e+01
-1.344822673798129475e-02
-4.353196518347970390e-01
9.874103828374358738e-02
2.151718526584501134e+01
2.161538243138323878e+01
2.158694786174967106e+01
2.202035422482028793e+01
2.151501946044474423e+01
2.165709502881619741e+01
2.153296207607159118e+01
2.177889222578478368e+01
-3.608796673647055586e-01
7.220353881096952531e-02
2.164262665204210379e+01
2.184198672611974956e+01
2.199494302623247322e+01
2.170119288823910608e+01
2.250632060678688973e+01
2.150424265928874590e+01
-5.064411161810524753e-01
-6.224830488579391474e-02
2.222333262402889531e+01
2.190941660790217327e+01
-5.298900438819511560e-01
2.184513216477741437e+01
2.207119863076170674e+01
-1.713513689879941904e-01
2.575081202329919661e-01
2.121626567716350920e+01
2.209278940602780139e+01
2.143566103338395124e+01
2.177011442976327515e+01
2.164431599698815489e+01
-5.829730290740184895e-01
-4.009205817817111939e-01
2.166342633766606696e+01
2.199506484622675373e+01
2.177099611220893394e+01
2.170011548842592575e+01
2.212892011713487150e+01
-7.215844925211616356e-01
2.157913138528321539e+01
2.143970354739839834e+01
2.164167686285360404e+01
2.142337807644702252e+01
2.154884223927328080e+01
2.211473366854425038e+01
2.169520235377488859e+01
2.151498257345331311e+01
2.151350073504893246e+01
2.192634488390338987e+01
2.178158202374300956e+01
2.233676098747482408e-01
2.206045210722277972e+01
2.167249168413439975e+01
2.178802574925586555e+01
2.160677461605306604e+01
2.178489485368103473e+01
2.186592384719699922e+01
-5.945610108697405582e-01
-4.899994132003644420e-01
2.158867836556596131e+01
2.180029208544380381e+01
2.142010572676205271e+01
2.517877800842041047e-01
2.196942840474353886e+01
2.154054274458329488e+01
2.156914650349763107e+01
2.156576166934777916e+01
2.153486677623751433e+01
2.150705060766522791e+01
2.183686806915104128e+01
2.174252464451601341e+01
2.170707051921175434e+01
7.091255871769487351e-01
2.193265885646627567e+01
2.140079743895791964e+01
2.171207640946242634e+01
2.144207949657689127e+01
-2.391646191241666441e-01
2.155368040968010845e+01
2.187597105147779430e+01
8.747359900708073788e-03
-1.745411416571350793e-01
2.165202574146728409e+01
2.151391005694983960e+01
2.197288740687324093e+01
5.159610147430215843e-02
2.199886110636105130e+01
-5.816990596781185241e-01
2.150145484841394605e+01
2.275889107149544799e+01
-1.279308982204792056e-01
2.133835945709880733e+01
2.194316032892767510e+01
1.085013960736435079e-01
2.159913210292996766e+01
-3.982820005984859524e-01
2.200738357460185313e+01
-6.787185562884516798e-01
1.086719389874372110e-01
2.153017912224969876e+01
2.193536550392805751e+01
-4.950352150301203236e-01
2.211204670479082779e+01
-4.137094479275690295e-01
2.135837425995869054e+01
2.167213282588248902e+01
2.169182909953254068e+01
2.147456039319037657e+01
2.150577550065264631e+01
4.817320147370895977e-02
2.152762615666640045e+01
2.165335768521374149e+01
2.165798344226277550e+01
2.138466030830575093e+01
2.161863151014026840e+01
2.154931521459806731e+01
2.169445070476689352e+01
2.149638178595614235e+01
2.163861109040317743e+01
2.181558690359401709e+01
2.174313863427033056e+01
2.193811594055992131e+01
-4.293241434755242780e-01
2.390535151806217895e-01
-3.121199988682380466e-01
-2.332115766350750796e-01
2.156261288953139399e+01
-6.503915977349694622e-01
2.184944686527086333e+01
2.225131286097569117e+01
2.167154715755609828e+01
2.153749968012790816e+01
2.172138585728078297e+01
2.191763773030618268e+01
2.181380686440352079e+01
2.168353695522139901e+01
2.165994025410531876e+01
-4.487575984680836072e-02
-7.145217481530385939e-02
2.187527013768670159e+01
2.135401359002139188e+01
2.147909594146796408e+01
2.203704954302773089e+01
2.189153046056476626e+01
7.331806071593931495e-01
2.180642322830380309e+01
2.186234901406287889e+01
1.778967748885766920e-01
2.235698944561216095e+01
1.096554641964142540e-01
-8.033066753016843142e-01
2.168420177823396600e+01
2.139422453013088088e+01
2.178841710851895286e+01
-3.110554054721117456e-01
2.193890080531845044e+01
2.250805105405266460e+01
2.157205668626745876e+01
-2.464061990139804204e-01
1.964900961182750594e-01
2.160132708486827724e+01
2.168053987118713977e+01
2.152082629344763731e+01
3.298744152342245606e-01
2.181907439571353180e+01
2.197917870991334510e+01
2.162685007827437644e+01
-6.648351139640211738e-01
2.165146120133798746e+01
2.305833874780682802e-01
2.592110150903264021e-01
-4.698526280458232285e-01
2.175092912077776219e+01
2.161625905220731525e+01
2.169009683119525533e+01
2.151783923976348234e+01
2.156220550725392826e+01
2.163205501184220481e+01
2.159586773683918537e+01
2.183183686022037051e+01
2.158085698090164684e+01
2.159946886173057123e+01
2.149215745154856094e+01
2.141425724900736682e+01
-4.377214928322721299e-01
2.157179730683760965e+01
2.173699547172023827e+01
2.148870924061112575e+01
2.199827044008756971e+01
2.184691603209535771e+01
2.163932474145480711e+01
1.735962736692275854e-02
2.186863891313392827e+01
2.157603222810156041e+01
2.217087043074879915e+01
2.194278764254411485e+01
2.173519328743429568e+01
2.150783586351490229e+01
-2.910853910612700712e-01
2.155502847353112372e+01
2.195533117973779724e+01
4.461841365666023851e-01
-5.259572639014962192e-01
-3.990839237490004798e-01
2.199996597041048929e+01
2.182464100619572278e+01
2.245369572610245168e-01
2.184686664034344261e+01
-6.268124171672799783e-01
2.171266107424618497e+01
-8.559018376477833812e-02
2.228411366652481362e+01
2.147038810580501433e+01
2.172117339789870272e+01
2.199547551106312682e+01
2.161263278208180338e+01
2.174607557897085286e+01
2.194458619699739543e+01
2.161512041671408468e+01
2.158493806444462493e+01
-5.847540168736897748e-01
2.170211019482070824e+01
2.170768967528347204e+01
2.152832819168109779e+01
2.156108884776161361e+01
2.164395312662057336e+01
-3.387092698171644267e-01
2.145769196088051345e+01
-4.561450977070776736e-01
2.168607319871000172e+01
-3.960395109471491759e-01
2.148374924018356324e+01
-5.286167182389679420e-01
2.154780060015467313e+01
-3.273929707671833222e-01
4.236451729462870075e-01
2.168214944700214275e+01
2.160705408540260919e+01
2.543402515658615970e-01
2.213610393062483794e+01
2.191754906859905105e+01
-4.593489678230140427e-01
2.182680137241531781e+01
2.170597048100247406e+01
2.175107190647841193e+01
2.178560188914456219e+01
2.157073388153436255e+01
2.158612439435453823e+01
2.201730088378826977e+01
4.458611314668903258e-02
-4.596344878124880573e-01
-4.857140329686627789e-01
-6.652379831180683656e-01
2.157919264880525034e+01
2.213202262092440264e+01
-5.598408971779729182e-01
2.157856459437922680e+01
2.181307122145612354e+01
-6.318143698634230976e-01
2.187613565040565433e+01
2.149203188079573223e+01
2.143426359891012467e+01
2.138627599687806580e+01
2.020821384676360077e-01
2.173974632725551004e+01
2.187336475727521190e+01
2.213666035603959514e+01
2.172682143378430553e+01
2.148739456710195839e+01
-6.201034569159453724e-01
2.195270634178479341e+01
2.689020045159881134e-01
2.197320157749054914e+01
2.157234356067205283e+01
-2.410604322465408345e-01
2.179564690584058084e+01
2.145112765753954065e+01
-4.024014513127043280e-01
2.190059253761641500e+01
2.166585276296122231e+01
2.173110693204718658e+01
2.147074580817135470e+01
2.142518407664272573e+01
2.175965615278526144e+01
2.189950342565252583e+01
2.141491477322674086e+01
2.172382430555578026e+01
-3.664161607118980868e-01
1.324976409287204060e-02
2.148471709136037333e+01
-3.576400617775399304e-02
-7.364519735386717558e-01
2.138088988134310142e+01
-6.160204436150251706e-01
7.515734406227636555e-02
-4.170725134134449785e-01
2.170436859195546120e+01
2.194600489218186112e+01
2.151203248825827075e+01
2.174561480229176880e+01
2.151481997089529585e+01
4.365602141713718076e-01
2.157086254050393137e+01
2.147700608361150998e+01
-8.164337077772636508e-01
-5.876863861206771400e-01
2.204534987798126267e+01
-6.329364842577610561e-01
2.224156682350301395e+01
2.201634895492767541e+01
2.142766067220981085e+01
2.178188673159770516e+01
2.167446266027913282e+01
2.240369255042673657e+01
2.160692157755024567e+01
-2.978383151148111807e-02
3.014214848425958992e-01
3.691223031876924576e-01
2.150341146257627400e+01
2.174043984350819159e+01
-1.585444959200965620e-01
-3.732731640560367214e-01
2.160379452674708745e+01
2.199120584864656891e+01
2.153780117486164514e+01
2.143155844971167667e+01
2.157603737507279718e+01
2.192645846729241654e+01
2.233469625540206493e+01
2.139590904368579416e+01
2.191752286054845200e+01
2.211265391317936135e+01
2.138151536482853032e+01
2.182057560590936163e+01
2.206838186794019663e+01
-2.355446203089159862e-01
2.167572509674797132e+01
1.067548515062118897e-01
2.187356257358329614e+01
2.233249494728778473e+01
2.174098154890479151e+01
2.201967942552478519e+01
2.165333407584863323e+01
2.161918854383733191e+01
-1.422758209823968834e-01
2.188034853540563773e+01
2.188465714639923121e+01
2.146885281846590487e+01
2.172328286891461246e+01
2.170556447874694328e+01
-2.985563606915059287e-01
2.170043811497641428e+01
2.208203835161595308e+01
2.147961251256851511e+01
2.185823321205730352e+01
2.206790266184649596e+01
-4.373003322734603238e-02
2.194382699908750922e+01
2.475117180410512097e-01
2.169418573144501039e+01
-1.539874268726265649e-01
2.202249108661111521e+01
2.255160312846519588e+01
-6.340831355661553648e-01
2.203666963196754480e+01
2.148198387010286581e+01
-7.618385431804927110e-01
-4.520732827622311323e-01
8.837296483445278295e-02
2.194234137850657262e+01
2.201896359234517320e+01
2.199015624059500240e+01
2.225862911160664481e+01
2.211626018160948348e+01
-3.806548118485385546e-01
2.191064756645937095e+01
-4.129049919995183560e-01
2.170691437441216465e+01
2.167088315868698700e+01
2.156389332500964073e+01
2.197094740917511402e+01
2.163466083135314122e+01
1.861261642304140596e-01
2.143626748008288629e+01
-6.591441964568289791e-02
2.193641807845544989e+01
-5.273767225198597863e-01
2.163009063063525517e+01
2.783727227622301292e-02
2.165480821046219617e+01
2.168620789751192746e+01
2.177222967910531537e+01
2.152595315542527032e+01
-3.711829022801691469e-01
2.172826940940931806e+01
2.155843695339713406e+01
2.185221176757065464e+01
2.179211462153593004e+01
-2.710314460117115853e-01
2.149837855284781440e+01
8.015857575415863412e-02
2.236087846111173150e+01
-5.286325297923541999e-01
-3.656970268089692055e-01
2.145583506560667075e+01
2.175495390262500450e+01
-6.768189146192526984e-01
2.155930433710952698e+01
2.184165836530257110e+01
2.160066448205902745e+01
2.139235004489672320e+01
-5.396512771423074284e-01
2.182547252193870690e+01
2.150187117129842918e+01
2.144905924484390169e+01
-3.695568779892313138e-01
2.151813434541338665e+01
2.186819010991117551e+01
2.178493022281648805e+01
2.179644248144288809e+01
2.199613063810929248e+01
-4.448386862740222325e-01
1.326280622433253509e-01
-4.387879759772094213e-01
2.195472643314191075e+01
2.162984902613986193e+01
-7.891192634729216060e-02
2.171036329912091389e+01
2.158724925116120730e+01
2.218849403215507010e+01
2.165806603074998549e+01
2.231886060018475604e+01
-5.505681523246319653e-01
3.570148365728891271e-01
4.481751983089746760e-01
2.170072623734096595e+01
2.180466630988137311e+01
-1.184838002405411705e-01
-8.630323760448210813e-02
2.209373863973823049e+01
-2.730192245561271491e-01
2.160353980311281319e+01
2.187511702775289635e+01
2.157514753768244020e+01
2.167563026992591446e+01
2.174421333023874681e+01
2.143169522154264683e+01
2.195578117931733075e+01
2.171391741571984113e+01
2.158613865702842816e+01
2.187091968298385325e+01
2.163864117608072490e+01
2.169340443820339459e+01
2.179260449143509248e+01
3.830932872135672795e-02
1.521392186172583205e-01
2.215481848674086507e+01
2.547329024656760366e-01
-2.241240125116286119e-01
2.143705557369787584e+01
2.167768357751948116e+01
-9.123486632028970922e-01
2.186862083871994855e+01
-1.245671628670699249e-01
2.144812536256071311e+01
2.153591545253212303e+01
2.165088739774670046e+01
-4.203297196883175602e-01
-3.756424007648561103e-01
2.146659713124252633e+01
2.186288548776553853e+01
2.139875804757733846e+01
-8.590481171346947553e-01
2.226250085847013338e+01
2.149976604121583890e+01
-4.792641053948258345e-01
2.161239089164022431e+01
2.211923748369994769e+01
2.198010202081491116e+01
2.177813927624802659e+01
-2.186309023170298627e-01
2.158280220469728050e+01
2.157070224991806384e+01
2.151930897234338147e+01
2.181420186521637206e+01
-6.787698044427057376e-01
2.179127870836644476e+01
2.139906286492309206e+01
2.234111522832620622e+01
-2.587425542353440910e-01
1.133452687294054240e-01
-5.668263503947301718e-01
-2.821753543073366455e-01
2.162120986505752285e+01
2.181527196293586002e+01
2.172774667924599967e+01
2.160216300486293051e+01
2.204836223087097480e+01
2.234779285990838815e+01
2.146901860823773234e+01
2.139592260920852951e+01
2.146321712148563421e+01
-1.291573486041989183e-01
2.172757696818810302e+01
-2.303829096895566586e-01
-4.763359994409470666e-01
-4.649176805580776395e-01
4.196738413858269734e-02
2.273474053256171956e+01
3.681765960089111722e-01
2.195387247648417883e+01
-3.015991467883312183e-01
9.866637920935938944e-02
4.545092361617303345e-01
-6.805107262815834890e-01
2.177602624381747276e+01
2.211674971882592544e+01
-3.406394258867578850e-01
1.054856743028852462e-01
-1.039125102234427223e-01
2.148484686855513814e+01
2.146657437972982763e+01
2.216055843418620341e+01
2.207742132165031279e+01
5.755238836810214753e-01
2.161827063800683391e+01
2.153604224311482795e+01
2.221471815313461207e+01
2.147494917825267891e+01
2.167365223031570665e+01
-2.260061201769408834e-01
-3.925778595711725272e-01
2.188913965737637923e+01
2.164991043663294690e+01
2.212443651474450945e+01
2.151004337931407662e+01
2.202510521196183291e+01
2.149227145514397819e+01
2.222153980704786314e-01
-8.490869039420936293e-01
2.244097416685722379e+01
-6.324060305674514826e-01
2.148881215298801095e+01
2.194893587927894885e+01
1.315826637835360025e-02
2.196693361457240101e+01
2.176459305071007577e+01
2.168002254262347250e+01
2.184753823667193728e+01
2.173166431792659381e+01
2.143330232153237347e+01
2.254547635083663693e+01
2.230271646249146045e+01
2.170731460784372757e+01
2.183578766873108634e+01
-9.423849359150648919e-02
2.200901686413381597e+01
-1.386693009952517652e-01
2.216980512989070817e+01
-9.217497161848653420e-02
-1.014858341218680682e-01
-4.134740563847316697e-02
2.161589069391828133e+01
2.233788220703063132e+01
2.153435986515833278e+01
2.040680949763926666e-01
2.199494606581686185e+01
2.153695151413716857e+01
-4.759845392239747119e-01
2.156093483273525635e+01
1.229775283369235472e-01
2.150411970402364048e+01
2.154608222844323961e+01
2.167230685745418484e+01
9.767902706509801192e-02
2.179103813584993432e+01
4.206085630014585464e-01
2.185901554790155643e+01
2.172847184826509093e+01
2.175165531153071186e+01
-5.718417528363726188e-01
2.163458646231051929e+01
-2.372312970121143172e-01
2.175137317888863109e+01
4.120661694114129414e-01
2.188482038054127798e+01
2.187713807095554586e+01
2.250751418577411300e+01
2.175148568786650216e+01
2.156434007611893477e+01
1.554335127817654261e-01
-6.005875513474712157e-02
-4.752103590245360110e-01
2.166571369951423520e+01
2.164163905213605688e+01
-4.906270420107374797e-01
-5.362635707137457519e-01
2.152609879116794644e+01
2.156044690009126796e+01
2.223479126013891971e+01
2.198048453423577087e+01
2.156970580691607609e+01
2.162601851255917751e+01
2.231815533582295075e+01
-5.674387693446329983e-01
-6.586748989699223733e-01
2.161629909148582129e+01
-6.890723900102824206e-02
-1.150938822743284851e-01
2.199771103450413534e+01
2.147243003802943662e+01
2.161316353100586696e+01
-7.294409070518578231e-01
2.155031798413147825e+01
2.141160335998607067e+01
2.191911367178806103e+01
2.170907347391309727e+01
2.169347209452880421e+01
-6.528945384887652192e-02
2.211400388495058422e+01
2.188237642895326118e+01
2.224511890175013917e+01
2.189452564092291453e+01
-6.407722231535775137e-01
2.219905875063155776e+01
2.170145695192857715e+01
2.196485580564211304e+01
2.276341441747412597e-01
-8.907202660353996659e-02
2.184377310415622730e+01
2.158738355073013793e+01
2.171393485164767867e+01
-4.537810858282533277e-01
2.140065893105956363e+01
2.155603096566330024e+01
2.157996326139939924e+01
2.164230366152886376e+01
2.183712051503703577e+01
2.189329364126386679e+01
-4.665179291276326801e-01
-2.258222705722624513e-01
2.177306474015130888e+01
2.166242246617214207e+01
-2.560607152932330433e-01
-5.457325704892350693e-01
-4.689264465869421028e-01
2.191744236693509507e+01
2.188223653121499268e+01
2.171136470548373509e+01
2.234318270226435033e+01
2.154095398295256203e+01
2.177544229981884172e+01
2.239171208777072053e+01
2.954799745728210469e-01
2.157212023418817637e+01
2.143274860049157127e+01
2.167234324802761236e+01
2.156645294140562541e+01
2.142012119699885631e+01
2.155943871891614094e+01
-5.515294431470834091e-01
2.183570120522818314e+01
2.156558289053117505e+01
2.211563217642504853e+01
2.180734807664349262e+01
2.177424037924719613e+01
2.997227488776144089e-01
2.159268233370838175e+01
2.154365656178703148e+01
1.109969882121006890e-01
2.168567614893416362e+01
2.159268837102062122e+01
2.171553651475055702e+01
1.429578677876908177e-02
2.152875231700821601e+01
2.157608289613303398e+01
2.158312484177316293e+01
-6.037041262157760713e-01
2.223695628618076015e+01
2.158218686116734020e+01
2.174514860631548885e+01
-6.073929119220833339e-02
2.192031661008752152e+01
2.171311824033773519e+01
2.179242248463001630e+01
-3.872187844125899447e-01
-6.202331136064807016e-01
2.151537770119669446e+01
2.194667981639504006e+01
-2.023879071981223854e-01
2.206064782824940806e+01
2.179614651948417148e+01
-3.690070280573687356e-02
2.150282797092475917e+01
2.159769747210386370e+01
-3.674327037649287586e-01
2.200287561786351631e+01
-6.764525900799241986e-01
2.158575417967276522e+01
1.769712111728277693e-01
-5.780307741623158524e-01
2.181548289376798166e+01
2.151816072904293975e+01
-7.395407537162395073e-01
-7.126214432908639651e-01
2.333769746024311198e-01
2.172402901091829008e+01
2.142780882107447482e+01
-8.028771420151400440e-01
2.201410315232057613e+01
-3.891545156497572266e-01
-7.828183402490045406e-01
2.168766607623258125e+01
2.167853551508050103e+01
2.155417452098829045e+01
2.180412346923302991e+01
2.153994097222008364e+01
2.182326073201159389e+01
-5.844735232486885090e-01
2.171998688325475513e+01
2.175451094169421040e+01
2.181198752214579883e+01
2.159547931030553158e+01
6.997860486451503714e-01
2.174343799590596404e+01
2.148549302185814014e+01
2.211325088828724361e+01
2.146493167129784752e+01
-4.683939524018202460e-01
-3.288414689917434908e-01
2.195019060288577606e+01
-6.991712397260336775e-01
2.152334453142438520e+01
2.165756856840276612e+01
2.175026907618900651e+01
-8.519426113299716219e-01
2.154274309273900556e+01
2.150174039208533827e+01
2.221269345751064250e+01
-4.654264286479132817e-01
7.018664162997777511e-01
5.059168503497080138e-03
-6.570905262698096827e-01
2.967814254587826106e-01
2.173869083904068944e+01
2.188053147394091269e+01
2.236455578160035174e+01
2.158757834327453295e+01
-3.750578914250990437e-02
2.156845157126123524e+01
2.195559239035459598e+01
2.197528839010691115e+01
2.142849778289605567e+01
5.133403009372805581e-02
2.207694432540044360e+01
2.251521330669609711e+01
2.165340868884884529e+01
-1.516511286469881536e-01
2.150001921829253604e+01
2.181954541279229076e+01
2.145813619248827564e+01
2.142610894836371216e+01
2.164759299061056907e+01
2.236383434112257618e+01
2.153073134366718833e+01
2.167130325668668434e+01
-4.358539017995702869e-01
2.179418820965731740e+01
2.139605989790409879e+01
4.789472006380832703e-01
2.205235087788537029e+01
2.158368040210961425e+01
2.154577140266923152e+01
2.175429186570868723e+01
2.165670354727051006e+01
2.172985576290619747e+01
2.156284423207604917e+01
2.161746862290923588e+01
