2.184638361378097926e+01
-6.474669606446414871e-02
4.566178292369471592e-01
2.143444185963398496e+01
2.194417323174155143e+01
-9.655700366533181978e-03
2.180179810671236140e+01
2.195566842433620991e+01
2.218294035195021507e+01
2.178688984857733146e+01
-5.286459699318253325e-01
2.154306849394239975e+01
2.191564008709525879e+01
2.136583199674766576e+01
2.154746545261071944e+01
2.163634032483075842e+01
2.144984032292451559e+01
-2.445485878094698640e-01
2.223594720339625042e+01
2.157819480213075281e+01
2.163332907737782662e+01
2.155822110236351108e+01
-7.632369890488399644e-02
2.186444618881109392e+01
2.178974345336698448e+01
2.170727438328797376e+01
2.210089977347046641e+01
2.181323507136197648e+01
2.929600953313880041e-01
-2.536112787982853778e-01
2.162615288675010206e+01
2.164380332731164103e+01
2.186967197501099136e+01
2.162806249691189819e+01
2.181477540779576429e+01
2.180385386354425492e+01
2.163928993691434854e+01
-4.499701848151389516e-01
-7.855142867638997828e-03
2.225721977793714501e+01
-4.329071575698804075e-01
2.163485370401870256e+01
2.190947183599951487e+01
2.181969205265412626e+01
-4.624998556718595832e-01
-2.190080460109469218e-01
2.174080270131165804e+01
2.144805190377496018e+01
2.187046609976744449e+01
1.209658247083165161e-01
2.227893302704767819e+01
2.160397969703054599e+01
2.179289419708299747e+01
-3.226399819825132020e-01
2.193510917013001915e+01
2.161230326025430415e+01
4.778490800295602803e-01
-5.420940656391706192e-01
2.162290941442103076e+01
2.211195792153753459e+01
2.164124937707446605e+01
-4.178960213826922176e-01
2.174554542614765751e+01
-6.402214360842709562e-01
2.167335482101221444e+01
2.167199738461592062e+01
3.146667879651017241e-01
2.172022958597820619e+01
2.462283973869108245e-01
2.214770605735718334e+01
-4.345785208924668463e-01
2.185985964795919045e+01
2.171850155549663697e+01
2.202282256592082987e+01
-1.128316368566958383e-01
-1.831095495596158917e-01
2.161780641291684546e+01
-1.757308005389535133e-02
2.199403579648206630e+01
2.179911800754958406e+01
-8.736554729341549086e-01
6.041701154324613521e-01
-5.501820450998928802e-01
2.220602775794280959e+01
2.205774228063838294e+01
-7.221236457185327140e-01
1.553192053899933756e+00
2.166487507319343564e+01
-6.890909897028172360e-01
2.142045912133188068e+01
-1.511474677729989224e+00
-6.180374231982912470e-01
-6.861164497877648705e-01
5.556988685532143757e-01
-5.401306814160613534e-01
2.126302766852284520e+01
2.153652922413010629e+01
-3.751043030941597634e-01
-4.676698342670732589e-01
-6.421234977129223198e-01
2.173461234215571025e+01
-6.936343924593633137e-01
2.215999093633091022e+01
3.276961393497990205e-02
-2.281441929840912763e-01
2.139044181045306914e+01
2.148938583350225784e+01
-6.231053876248994206e-01
-1.016487666110603261e+00
-6.029495952183608898e-01
-1.081046434547429769e+00
-1.174070359405551489e+00
-1.315848344540547776e+00
2.145485627216006108e+01
-9.500589892835863415e-01
2.153660367054591163e+01
2.187685299339721823e+01
-4.525873047545858618e-02
-1.645854226046840063e-01
-2.243283155254496286e-01
2.157483005227240369e+01
-4.020013022396206059e-01
-1.377858659741575398e-01
2.163268999154798777e+01
2.179046226707777123e+01
-5.393084088711374013e-01
2.199291682636134126e+01
2.158831566219028275e+01
2.221108753613776798e+01
-4.926450424542501150e-01
2.128840693126921124e+01
2.217043997442235437e+01
-5.629834547117993360e-01
-5.245905532005549210e-01
2.185694700887117037e+01
2.154619227694424310e+01
-8.536133567306929404e-01
-4.512424929723000133e-01
2.172869087942780197e+01
-5.220496053287579930e-01
2.151600779226467353e+01
2.166195698755322141e+01
2.188429112941585686e+01
2.171463765623812137e+01
-8.299703375779685643e-01
-4.401414485886749883e-01
2.145073488464909417e+01
2.151893879697268730e+01
2.198862329586101083e+01
5.897114110631815898e-01
2.130768917360620662e+01
-4.136350484764930169e-01
2.171774525811786205e+01
2.219426213778575274e+01
2.157489349356233888e+01
7.172093568750128600e-01
2.144458267787054950e+01
2.197165014838148522e+01
2.224731553538770257e+01
2.155959230312046415e+01
2.157808811361166690e+01
2.017208403650817550e-01
2.229009991560687709e+01
-5.019366982305306646e-02
-4.883135015145366742e-01
-2.242455812555256278e-01
-2.081569322660880017e-01
2.177314819882796115e+01
-3.828561591247013896e-01
2.177196093151433232e+01
2.156816726980622079e+01
2.165859921826419665e+01
-5.794369088601910578e-01
-4.720613695302174895e-01
5.063835632236045603e-01
-5.499313329555167718e-01
2.161830924779528118e+01
2.163881821008758521e+01
2.144645215267306426e+01
2.184932978490191147e+01
2.134456579963026002e+01
2.182496296002044645e+01
2.179646708079370043e+01
-5.911176103458896103e-01
2.185304300296316171e+01
-2.179759625069416229e-01
2.202470572873328081e+01
7.880983740474200028e-01
2.193043253246482749e+01
2.160162448566908466e+01
2.173590936575637400e+01
2.156042137124899227e+01
2.136726145038683100e+01
2.165091606675844105e+01
2.164099554409359172e+01
2.215182797981164953e+01
2.212874440622976735e+01
-2.054797124085665505e-01
2.131559146955029860e+01
2.172023271640387776e+01
-2.097897295438981846e-01
2.165446739685364363e+01
-4.359444926521344188e-01
2.199477578427860891e+01
2.189332852886856173e+01
-2.174125385696645818e-02
2.166055978148781236e+01
2.211224976264947628e+01
-6.225486279285596947e-01
2.193109592392305984e+01
2.183388803766086284e+01
2.193308769367900979e+01
2.185216801399158371e+01
2.122715824277685925e+01
2.146853028379890560e+01
-4.522316762507326837e-01
2.191313055646817887e+01
-4.641256427325906597e-01
-5.542966233056176861e-01
8.184834291734166545e-02
2.173368548156843616e+01
2.179356157317151244e+01
2.153345741301948379e+01
-2.131743798072757157e-01
2.150858811205013410e+01
-3.500964628122739120e-01
2.184710210400222863e+01
7.296338176794922026e-01
-1.990432693447775625e-01
2.163023412661511102e+01
2.174968443533862583e+01
2.167677353486800840e+01
2.173546262739071366e+01
2.151790216804857891e+01
-4.858923973687623299e-01
2.237099806655628242e+01
2.221644222483084263e+01
-2.197158795583504798e-01
2.141240410397401916e+01
2.166084121960015807e+01
2.151448786727262785e+01
1.283666178884504960e-01
2.174026995892771907e+01
2.203502136487913177e+01
2.181492332954763214e+01
2.184965906175073869e+01
2.153038916037461803e+01
2.215442464337163386e+01
2.209386391674958361e+01
2.181620055435783456e+01
2.155608393627917962e+01
2.146801593526997110e+01
2.197317225326968781e+01
2.146257803251532437e+01
-6.829274360283750234e-01
2.151928652391454122e+01
2.172617922389942891e+01
2.185098764208456146e+01
2.137167120952420518e+01
2.191885924847927924e+01
2.184562867748032389e+01
2.159632773462889332e+01
2.178584603204088310e+01
2.173956452839160747e+01
2.150225961964923727e+01
2.206440100329583487e+01
-4.098745864170449948e-01
-6.611752448036634089e-02
2.195232999010715247e+01
-5.363482067670544140e-02
2.154350438004949098e+01
2.173801226176363599e+01
2.157895736840578849e+01
2.141777273584972718e+01
2.175893421829607988e+01
-5.264548937219526437e-01
2.151659766865700618e+01
4.060768971798422999e-01
2.186328947072757956e+01
2.140003014857798647e+01
-1.461375746349683480e-01
2.161973851823012893e+01
-6.501324896567051148e-02
2.233842612809901951e+01
2.181632225918559698e+01
-7.085787981323459217e-01
2.255719924569997303e+01
2.164667083443332629e+01
-7.085200927171296792e-01
2.232900833441496502e+01
2.161529945404731379e+01
2.159991432720178750e+01
2.205803645047934936e+01
2.200208753047636279e+01
2.153451409110139991e+01
5.842347463788954975e-02
-2.890912155151946772e-01
2.168554747603621635e+01
2.197371158601398022e+01
2.055533548078278816e-01
2.168397292953303790e+01
1.292450805165737959e-01
2.101463705026573869e-01
-1.307679497641652810e-01
2.185629840122506451e+01
2.174149444437064460e+01
2.202461498374779225e+01
-3.625918394314212589e-01
2.199175253633952209e+01
2.137761927927651229e+01
1.697271536176609974e-01
2.159410079449743591e+01
-1.788291330957056946e-01
2.172734406760756443e+01
2.173890158659259697e+01
3.056176621954495021e-01
1.552955887881257713e-01
1.011450537231353142e-01
2.217059362761987629e+01
2.167672225728267321e+01
2.201912829387867987e+01
2.146086887623816608e+01
-4.139847399664823291e-01
2.416992400708963817e-01
2.223158433423584057e+01
2.170735367947758476e+01
-3.803418327312243497e-01
2.883687837496206052e-01
2.178581753542614763e+01
2.180999049202306495e+01
2.205496582716517295e+01
-3.656629750714016636e-01
2.155366570473426435e+01
2.187084104539253104e+01
2.135387848542948319e+01
4.498458580949008523e-01
2.232625330210042591e+01
2.199046387017842008e+01
2.164429093804415416e+01
-1.820046550417786513e-03
4.595752291468298001e-01
2.164589052191838192e+01
2.234485905641490433e+01
-6.683563528144365051e-01
2.249170576981466496e+01
2.195832527223192443e+01
2.188869750948529713e+01
2.137712190770313114e+01
2.176240025722684734e+01
2.153991674453661531e+01
2.160684095927366855e+01
-6.104341541192730425e-01
-6.122306520633132854e-01
2.161883883565932862e+01
2.167908517087377263e+01
-3.732680721489617381e-01
-6.410347805256136899e-01
-5.586377023173441092e-01
-5.888758819957160551e-01
2.207647897953582827e+01
2.136869966381309638e+01
2.192910222437139467e+01
2.162206632450798338e+01
2.142418363075442400e+01
3.804904476731559848e-01
2.177682143423595917e+01
2.170998448393054758e+01
2.184945345501422054e+01
-3.514251051344113863e-01
2.164973160948103725e+01
2.215691277152145489e+01
2.196827324930581682e+01
-4.331165193672542602e-01
-9.121908302622298015e-01
2.123365323381752034e+01
2.170999550247042720e+01
2.141864197266934156e+01
2.190410395589133685e+01
-4.755014985483319578e-01
-3.401585672337624766e-01
2.198593119113121119e+01
-6.365738384769765723e-01
2.160933516689820522e+01
-5.997286525367295784e-02
2.219534364960017570e+01
2.185342337028028936e+01
2.156915421158048218e+01
2.394762536206513914e-01
1.714420344813316621e-02
2.170166224708259506e+01
2.189401397914596004e+01
2.174683299099543632e+01
2.200323933849468006e+01
2.131004825158287019e+01
2.156240640241527373e+01
-3.882350695404123142e-01
2.123219513149413018e+01
2.180196499223297479e+01
-5.559992738268089152e-01
2.174639577195028295e+01
2.147876554305802799e+01
2.136825351245536098e+01
-4.911989857870079912e-01
6.111328798571258325e-02
2.163437473007457612e+01
-1.149153030886306270e-01
-2.071516113835710771e-01
8.347761803737501207e-01
2.146842772363839913e+01
2.168061120305331357e+01
-6.898753553177916498e-02
-5.630132872983686365e-01
-6.536051104992912641e-01
2.165854243294851500e+01
2.127002039593245541e+01
2.134806512875249851e+01
2.196350518746920955e+01
2.238425189852134523e+01
2.161648495810560888e+01
2.162227707749207539e+01
2.173912617776769096e+01
2.160876222178643857e+01
2.166584596781769534e+01
1.012304042518714642e-01
2.720742313296978798e-01
-7.215221875770483351e-02
-3.411726946917142955e-01
2.162915549147497885e+01
5.003719947932087075e-01
2.163515126453559034e+01
2.232269411161221484e+01
2.172137030287965231e+01
-3.843085956699555661e-01
2.161009783024985254e+01
-4.922673653577571695e-01
2.145216607860513847e+01
2.171157927372398433e+01
-5.641971830843490743e-01
2.188797624229678362e+01
-3.485670461031450396e-01
2.166187904165344591e+01
2.143867679266831061e+01
2.184794422116543089e+01
3.876423065664202916e-02
2.228482533809481581e+01
2.153216957901334538e+01
2.148538285358434052e+01
4.451539469853659226e-01
-8.526937295368071101e-01
2.192272106262082332e+01
2.148468485012329765e+01
-3.125573763537471406e-01
2.170259993174570923e+01
2.139767635303515547e+01
2.178165897630136172e+01
2.166554622652516215e+01
2.214702674040058739e+01
2.190814788610266106e+01
2.141969287222796936e+01
2.145110058051196233e+01
2.179227730994142220e+01
-4.884257664965904189e-01
2.184790948709163416e+01
2.149278525546181129e+01
2.171323097456702556e+01
-2.069272674583293448e-01
5.180563125090599241e-01
-2.218671934606575302e-02
2.207909927418769769e+01
2.240428921135989571e-01
2.143363189494898435e+01
-4.057231356793887800e-01
2.222711336740853483e+01
-1.899003647682961926e-02
2.183773523624022772e+01
2.197270824191598493e+01
2.165393605157490242e+01
-6.174740050822500326e-01
-4.852480284945255296e-01
2.185842127159886061e+01
2.204513278916924079e+01
2.177735381102860401e+01
2.192780213264990508e+01
-6.454487346078312537e-01
2.155110005264503314e+01
2.140342567640108129e+01
-1.675424586654270520e-01
2.179312585250476886e+01
2.154566820189398513e+01
2.155057595041044394e+01
2.161093163866815559e+01
2.220035391684283255e+01
2.144040211246336369e+01
2.206332023982420409e+01
2.173556467848597151e+01
2.167951820383251160e+01
2.186443917123664704e+01
2.240696134170822518e+01
2.139187501844770267e+01
2.201503708372070633e+01
2.235852675078643870e+01
2.201233980977992744e+01
-4.917877673585552833e-01
2.171619976976691646e+01
2.208954119727989962e+01
2.197425120050901626e+01
2.205845349655492527e+01
2.159303591654849797e+01
2.177924105524067500e+01
2.153700818672399819e+01
6.617469244852682841e-01
2.186588293053010190e+01
2.168296270441043561e+01
2.226352764818754792e+01
3.172268832394357085e-01
2.157231805068864006e+01
2.175510527415083217e+01
-3.648423765588457712e-01
2.237464362337007984e+01
-6.488784873973212353e-01
-2.033537060687810039e-01
7.686210611270694049e-02
2.209660907842788546e+01
3.736816925867061379e-01
-3.901394678049729947e-02
2.170795415367434700e+01
-1.870555376532093694e-01
-1.807408643109571500e-01
-7.674271638178020716e-02
2.158072364903567575e+01
2.209009197290997406e+01
2.168538269612652769e+01
3.625100391618922835e-01
2.200976548575902569e+01
2.166522148455199570e+01
-4.010621705865665687e-01
2.285103346259549895e+01
2.190718165475162493e+01
-6.953399654711801547e-01
2.204723408279305019e+01
2.177884142627510045e+01
2.267861009463776512e+01
2.169284020857345396e+01
2.251649669089689354e+01
2.228924566971535182e-02
-4.032739358345543979e-01
2.191214379379487198e+01
2.145131488248648211e+01
2.205641197192516145e+01
-4.178009034562735202e-02
2.157327019530741197e+01
1.129740512096042426e+00
2.195778560395758561e+01
2.195640227692681989e+01
2.175654024007305765e+01
-4.091829574959517934e-01
2.230867948797260070e+01
2.691286452808596685e-01
2.167313811845312088e+01
-5.173167974241137390e-01
2.139102256019123871e+01
-1.519298859830767734e-01
2.144612687256676509e+01
-3.932453809418358093e-01
2.195889446793411537e+01
2.191950997163879933e+01
2.232256764932964188e+01
2.202479383229783849e+01
-5.414915528682151535e-01
2.170176124317793054e+01
-2.358832056090657270e-01
2.217527881781657584e+01
-5.387621020371189395e-01
2.182079566241310609e-01
2.156771619049730404e+01
2.158480776705140158e+01
2.151935452231468560e+01
2.187545372040169056e+01
2.142669249866684567e+01
2.227755300182816001e+01
-5.905240744246598172e-02
2.178681898731450772e+01
2.150475995065907853e+01
2.170844002134912287e+01
2.195850246932137750e+01
2.185793567385119829e+01
2.153767628668014922e+01
-3.680023291479912473e-01
2.158342440782939775e+01
2.186996028554433735e+01
2.170477125113098538e+01
1.965358001854784487e-01
2.218646252026880106e+01
2.177074756192316229e+01
2.170467499489326002e+01
2.155229889422136225e+01
2.184408170770005952e+01
2.165774116841543417e+01
2.166415083532944408e+01
2.176907059843097869e+01
2.139805769018685666e+01
-2.442534829977835997e-01
-1.476601964048520621e-01
2.156990847261351263e+01
3.596944049790462561e-02
2.156738623027236557e+01
2.144540176991742797e+01
2.157429639245577491e+01
2.188840881889910506e+01
2.157313927414415389e+01
2.183958341781815804e+01
2.192977762450050960e+01
-1.404880359255121780e-01
2.166627610552130889e+01
-2.584584373997121931e-01
2.188066127067037669e+01
-5.463981369836736768e-01
2.145708058070536239e+01
2.148984706699357616e+01
-6.449733767103339455e-01
2.166240568503526376e+01
2.179936845498572850e+01
2.162928710449989822e+01
-3.406077379921477188e-01
2.165838674066275615e+01
2.180066992377529189e+01
2.164135079209078327e+01
-2.820125169248284269e-01
2.153975073714777722e+01
-2.521967289069357854e-01
2.184278645251147211e+01
2.215426142249955532e+01
2.185838728765738992e+01
9.145008886978267526e-02
2.169599264430605601e+01
2.149603998996857612e+01
-1.026533491428094358e-01
2.186347240177997264e+01
-7.658819896186120912e-01
2.212695922855646913e+01
2.181020111937439765e+01
2.148637647686290109e+01
2.166064894380334138e+01
2.159586890160522188e+01
2.162997301058238975e+01
2.189533597278586896e+01
2.178931544679868182e+01
-5.226366647330270565e-01
2.200567505118536360e+01
2.160099512804882593e+01
-3.495114974953117404e-01
2.197128249416039125e+01
-2.121087897217275309e-01
2.223760563824829006e+01
-2.547898985826748675e-01
2.166728429000664491e+01
2.155768476309627601e+01
2.149534044805053057e+01
2.181541933745850059e+01
2.185469543859898067e+01
7.445567483660653352e-02
-4.779009377582660312e-01
2.169066758979694498e+01
3.248651329199782056e-01
-2.654394545604271682e-01
2.166161746886471917e+01
2.200411749609973100e+01
-3.661899958465331117e-01
2.224743987306009885e+01
2.147403873865865975e+01
-4.692027258729658534e-01
2.166295965824403069e+01
2.178028755681519968e+01
2.164968289267581270e+01
-4.453463140139600762e-01
2.184977090094785979e+01
2.192877412717403018e+01
2.165847675332257438e+01
-6.924135183404445115e-02
2.183882996004881960e+01
8.168266280498248655e-02
2.161970352804843287e+01
2.150436266502777727e+01
2.156477166906695331e+01
2.156669416079910562e+01
2.173306673097595620e+01
2.164750840904252982e+01
2.192126293014829130e+01
3.670030358469883458e-01
2.165327549781502370e+01
-3.365461766778873320e-01
2.164637855653767673e+01
2.152945887190914220e+01
2.175886724998064281e+01
2.159463335366244152e+01
-5.861665629740291372e-01
-3.683658440938420986e-01
-4.335561681065818185e-01
2.161529476096486846e+01
5.878321525522172131e-01
-3.852911595256498511e-01
2.166381131295276319e+01
-5.267780683938995123e-01
-3.079433447101995736e-01
-5.968915712418407793e-01
2.229772527134361226e+01
2.207036711541008955e+01
2.208083931174749281e+01
2.141009902968406209e+01
2.217377710834013982e+01
3.016374530991861036e-02
2.157775015570695132e+01
2.162824625367611731e+01
2.159977880979001341e+01
2.142228191405679638e+01
2.199737960346441668e+01
2.176476897094264729e+01
8.393341022040745614e-02
2.167963525801718561e+01
2.205701920571833341e+01
2.213113012074629182e+01
-6.848255246841865596e-01
3.318847549407891728e-01
2.184322448132661165e+01
2.131655055521587983e+01
2.185456082410976109e+01
2.221860968928773516e+01
-1.941028218466965827e-01
-4.036277286810863174e-01
5.751472739434415615e-02
-8.254110996898524899e-01
2.189559121376870721e+01
-7.968688532233971777e-01
2.145564853296307817e+01
2.135210144455448145e+01
2.165286758592522531e+01
2.855101738480272378e-01
2.200626968792022353e+01
2.159110056592551530e+01
2.162772207486047904e+01
-6.020929915634021246e-01
2.154073755268968426e+01
9.925601825445102833e-01
3.601979213753726539e-01
2.154828648726482143e+01
-6.520304407815380454e-02
2.160616712575851039e+01
-5.120577031764497189e-01
2.682643758227450936e-01
2.147686795331719267e+01
4.261626714603934385e-01
-6.002428619826243317e-01
2.172135834660959830e+01
-4.657281581774341817e-02
2.183968180444712814e+01
2.161037491417675938e+01
1.908198124973974341e-01
2.142899149657678137e+01
2.138210409774471898e+01
2.194451254895667347e+01
2.152966132589860848e+01
2.147786884580639111e+01
2.163774493362560136e+01
-2.152807018479910850e-01
-6.421795950372506390e-01
2.176420971518093950e+01
2.167346290876147563e+01
-6.760773979325149785e-01
2.158519414839019035e+01
2.186127233628994304e+01
2.140996707359586892e+01
-6.592201064206828498e-01
2.167704343423097768e+01
1.037963097088702158e-01
2.266136405565179857e+01
2.193577872011356433e+01
2.211638341646063566e+01
2.148866660791491512e+01
2.225279777485994614e+01
2.181476750667976106e+01
6.561722902443167804e-03
-1.471847155583672073e-01
2.158969191556231237e+01
-3.051136480877408852e-01
1.195085400148865329e-02
2.165499432763304100e+01
2.150754793789408126e+01
2.193476803576440304e+01
2.197374451225434910e+01
3.369985637398520417e-02
2.181055832766734426e+01
-1.415373328017611732e-01
2.163582650621179582e+01
2.154742511013068551e+01
1.496748483344216840e-01
3.408938436989351617e-01
2.232381115400557903e+01
2.163450883625765542e+01
2.191053142389115038e+01
2.152174822368014873e+01
2.149323958161458847e+01
-3.027880147346780904e-01
2.166533218947958517e+01
2.163962618348856637e+01
2.184436748322500321e+01
2.179416641631667417e+01
2.195897689103706085e+01
2.226299228948957420e+01
2.148551771467334959e+01
-4.241365009729957114e-01
2.154555000998057324e+01
2.176531135032002950e+01
2.472034055403733444e-01
2.172036110651596630e+01
-4.136743468858838924e-03
2.195403420376203840e+01
2.148516392483001525e+01
2.193407168170460864e+01
-5.158786825067862569e-01
3.600473288657733972e-01
2.174852698259367401e+01
5.901529262512602569e-01
-2.647322337873942999e-01
2.175307707747817787e+01
2.172992092064085057e+01
2.229095803179522051e+01
2.195503868222387212e+01
2.144979778034498707e+01
2.150848093525579685e+01
2.199392609390713105e+01
2.199863885438641375e+01
2.164717893216955602e+01
2.163601641540993725e+01
-4.354412659574002920e-01
-6.997863175161593841e-01
2.180919400811649567e+01
2.150687285235411039e+01
2.174294317712401892e+01
3.440521475465629919e-02
2.189768399637070928e+01
2.201516639815712040e+01
2.152167840265880727e+01
2.170536104557234935e+01
3.039042430846783382e-02
-3.592326301427388735e-01
2.171304253186383804e+01
2.183531644099066682e+01
2.211221548892928723e+01
2.148273834705477014e+01
2.165908893251072342e+01
-1.081974125358797778e-02
2.149140370269114086e+01
-5.724378264570428865e-01
2.149220315043838170e+01
2.156871747589413246e+01
2.135642371495026737e+01
-9.397529252102887476e-02
-6.448861904079119522e-01
2.152984742234777826e+01
2.204480172304044316e+01
2.211812237005039705e+01
2.184582883634853800e+01
-5.244329459262037085e-01
2.243679389136701019e+01
2.174721989466146610e+01
2.183926685724033234e+01
2.159976079333063481e+01
2.160998957487181116e+01
2.153742730055812871e+01
2.153523460997680061e+01
2.197922794859978168e+01
2.148599274422340599e+01
2.156642199085915479e+01
1.106208184907112591e-01
-4.849568427629681322e-01
2.176245202893379016e+01
2.148957155904457039e+01
2.213901229878039700e+01
2.171935647436949068e+01
-2.235523776848757915e-01
2.199357849732076531e+01
-1.368370686097876154e-01
2.148043479817330592e+01
2.169276209699155089e+01
2.159557606337909519e+01
2.189916376330170067e+01
2.155971763906570615e+01
2.137596398493309380e+01
2.148948257588221367e+01
2.251117576229745509e+01
2.164363072469690863e+01
2.240701721998204476e+01
2.172897443784189520e+01
2.169902879288867936e+01
2.903791749336026573e-02
-4.163415080930887857e-01
2.135741576358175209e+01
2.161387313763950857e+01
2.212146776350002497e+01
2.143934717323806183e+01
6.272113283184110877e-02
2.163335909313699545e+01
2.227717319134874785e+01
1.966363901538351611e-01
2.192124052217479857e+01
2.251006072820651838e+01
3.645410123369651201e-01
2.148633307385269475e+01
2.178339600648011398e+01
-1.083859617204135928e-01
-6.167589507614849031e-01
2.210295453662363840e+01
2.171136510911202677e+01
2.253899672727851566e+01
2.165245553542788670e+01
2.160114498446657905e+01
2.172959166815094889e+01
4.638697445413311193e-01
2.187029754759782207e+01
-6.120514642631107449e-01
2.183990778098434404e+01
2.194675503407064099e+01
-3.092645115012893076e-01
-2.974364436293938097e-01
2.158247310529547036e+01
2.152252571207795739e+01
2.192735107546602435e+01
-6.559155304864172642e-01
2.154060863978065044e+01
2.197231005515111590e+01
2.160274117933866123e+01
-3.328202778222212332e-01
2.178341581654173353e+01
2.142023205402879782e+01
2.171563789698246083e+01
2.149818136242116751e+01
2.143942417810725942e+01
-5.319179389610919628e-01
2.191973556116098010e+01
2.188619965807182055e+01
-3.833077097474980599e-01
2.161442347030695998e+01
-6.021009521439990575e-01
1.557883480613344584e-01
2.200518653920629930e+01
2.156713953099166758e+01
2.189949578779017969e+01
2.141890020086083268e+01
2.176684978069644316e+01
-1.288868646823585484e-01
2.189314134370886578e+01
2.174918607922926128e+01
1.350464117224197125e-01
2.191993670155011387e+01
3.194199012891677514e-01
-7.658485509395163149e-02
2.198481344075311839e+01
2.206660077199988379e+01
2.140737576265179598e+01
-5.688364075650150786e-01
6.119704137697863366e-01
-3.066741038298502753e-01
2.141443198586446783e+01
-1.462840763694253088e-01
-1.287422649655822759e-02
1.009481023515668152e-02
3.562374567304696926e-01
-2.692235344973588074e-01
2.155874312537357440e+01
3.243344854475426198e-01
2.185100242979528673e+01
2.228198420460890716e+01
-3.576725715615730605e-01
2.161150329566400075e+01
2.135120441973954897e+01
2.148076794627919384e+01
2.202288264713152799e+01
2.375821116351217732e-02
-1.093721333027399822e-01
2.168329647457651177e+01
-2.496815667119502979e-01
-6.600350151314173797e-01
7.341565636915557969e-01
2.156567962188125875e+01
-5.813585077660050615e-01
2.149243069533997996e+01
2.179586728064008838e+01
2.220000127601474915e+01
2.219395239906496897e+01
2.236513901493715650e+01
2.252293057111079833e+01
2.163886241165711155e+01
2.175724347107337309e+01
-2.744007433024211462e-01
2.548086779403883062e-01
2.170873251831641682e+01
2.197837722424722884e+01
4.799252910041795772e-03
2.146787476537458161e+01
-6.302562225050327704e-01
-3.274075474357696081e-01
2.186041895716357431e+01
1.642381053284204251e-01
-4.251970061873966422e-02
-4.193741764037580699e-01
2.158726983755603612e+01
2.164630237329637907e+01
2.166389146534248411e+01
-4.115377235654337218e-01
2.152668633225104244e+01
2.216224073073990297e+01
-1.439658887864772030e-01
2.155043829190088189e+01
2.174429042287872704e+01
-4.904245858184099194e-01
3.054037923476671246e-01
2.173858195276637417e+01
2.150602848979656656e+01
2.173005502899765418e+01
2.176107500270391526e+01
2.147787607194146986e+01
2.135550149872570458e+01
-3.690107105616414751e-01
2.165369959085587936e+01
2.186631521034546211e+01
-5.481091329983409643e-01
-6.994553073372664631e-01
2.189415094616078505e+01
2.185359497798669892e+01
2.184833670827879359e+01
2.192476423920497197e+01
2.147661800829106227e+01
2.216702604501985974e+01
2.204671649650525822e+01
8.903777823059844110e-02
2.171205046769196656e+01
-5.160384040738801303e-01
2.168970297622977839e+01
2.177407545415157131e+01
2.160295857523690088e+01
2.143522625049819297e+01
2.172102167038278964e+01
5.250491501420135876e-01
-6.638104760988194908e-01
-4.244124911521302002e-01
2.162416924424948306e+01
2.150503348019694272e+01
2.148515590737484615e+01
2.169081782400624192e+01
2.160342654696146525e+01
2.189011631382441081e+01
-3.735057717612472183e-01
2.176908484299992708e+01
2.199899933193734469e+01
2.180605834868014270e+01
2.158484921912014087e+01
2.146965863332739133e+01
2.167749726436224122e+01
2.164003490894733872e+01
-5.080346853978459087e-01
2.169692956107070714e+01
-3.892114141304650055e-01
2.185590779965672326e+01
2.191335169836016661e+01
2.183432548557796338e+01
2.140457512592259803e+01
2.804822576207383067e-01
2.212886090428965957e+01
3.624795664385479510e-01
2.164599052894068620e+01
4.001586529891321131e-02
3.693853583754254100e-01
2.209974980851580284e+01
-5.634506921564049753e-01
-1.203703555938294700e-01
2.181777667437987844e+01
2.148177701280934571e+01
-6.017075215661886745e-01
2.147176708091850017e+01
-3.514043179127075422e-01
2.201322282336530378e+01
-2.888945632883335168e-01
2.164529360341826347e+01
4.955841433954650821e-01
-6.017211756780080911e-01
3.004934679666229069e-01
2.167427109408513530e+01
2.188191561417036013e+01
2.156705888553994654e+01
2.175196812360929854e+01
1.279570398706539880e-01
2.153039562584931943e+01
4.614759810791690953e-02
2.154665581194654322e+01
2.153526615807658828e+01
2.203276016804933235e+01
2.157890652056518377e+01
2.159984496025370859e+01
2.189295571051000167e+01
2.154698903476753458e+01
1.746051265200703195e-01
6.601688884594290041e-01
2.173632791831295918e+01
2.146679397814247992e+01
2.185927137327472281e+01
2.155947324763225126e+01
2.155727524552211349e+01
2.186218559332034062e+01
2.218442233664658403e+01
2.145216062000374180e+01
2.172707376314945549e+01
2.201065279711133016e+01
-5.109134777304711328e-01
2.180792763805564860e+01
2.151509027000565411e+01
2.241130053477163742e+01
2.192937734728360155e+01
3.007796792182583223e-01
2.157455404872705174e+01
2.171551658682110286e+01
2.150238447544699838e+01
2.169924292620365236e+01
2.172961991235650814e+01
2.212852124838144263e+01
2.139951501528152278e+01
2.148479567051064976e+01
2.149785373412785816e+01
2.169887919696548195e+01
-3.535596456112397590e-01
2.152957513052758998e+01
2.181986265211066822e+01
2.140548513514134044e+01
2.179915170955050030e+01
-6.079776854057534763e-01
2.169908315000545684e+01
2.199015936388636305e+01
2.183863593245269286e+01
-1.386634353733170455e-01
2.175224550127897061e+01
-4.038869431201876359e-01
2.195316438250894819e+01
-5.333746757900530433e-01
2.145609072341456525e+01
2.171819670750145548e+01
2.139540125824169436e+01
-2.699551997529738845e-01
2.143481440223758128e+01
2.174804217691207242e+01
-7.483667971598745305e-01
2.129084753781994621e+01
2.198468126557304814e+01
2.154573547621980367e+01
-1.875154476591821551e-01
2.161227218904030067e+01
2.167038870218008029e+01
2.179545687321268588e+01
2.156093949703335610e+01
-1.305299704430427088e-01
6.756917564202225002e-02
2.190692785987982916e+01
2.176734702222436368e+01
1.727427940462066269e-01
2.176566579516828881e+01
2.149166153134751056e+01
2.164951804257378853e+01
2.193454916435316804e+01
2.155613685133153723e+01
2.173729561954478484e+01
2.183671759989030647e+01
2.151547152409027319e+01
2.142866285851018304e+01
2.210341470900018024e+01
2.228460322517613434e+01
2.141653332097983053e+01
2.151263973578850397e+01
2.222681112145171056e+01
2.163254762720301017e+01
-1.737034117573199588e-01
2.257425200678103039e+01
2.158471327365818127e+01
2.179933831135837607e+01
2.184487591853471855e+01
-5.197532507389066581e-01
1.423389729802857495e-01
2.178956662223997043e+01
2.151811022611001434e+01
2.186891439425072292e+01
5.074947317805711400e-02
2.201896759642188428e+01
-2.717186535786657586e-01
-4.130559073594484154e-01
2.163027063078022749e+01
2.183227459514943902e+01
2.207493641719246469e+01
2.172412607626926473e+01
8.630838356042561665e-01
2.221887399144982567e+01
2.184124394034913053e+01
2.172079535963418451e+01
2.147524820582617977e+01
2.179843077020398212e+01
2.198274939644518255e+01
2.137284238483765009e+01
2.191187804616362556e+01
2.165778968786840863e+01
2.181468763942955746e+01
-5.686789081748802044e-01
2.142730494414205467e+01
-6.218347338168485061e-01
2.190507914885359497e+01
2.161116982649350149e+01
2.152563661198173151e+01
2.214375773985180729e+01
2.155432586999286926e+01
2.161631937816138560e+01
2.179738904107420439e+01
2.154214733618852051e+01
2.185845375125713730e+01
2.188757539013775144e+01
-4.118194688492933242e-01
2.176191356611724004e+01
2.130962782836648728e+01
5.110549027534085909e-01
-7.352079636396484652e-01
2.159910391579190048e+01
-7.073347608211427717e-01
-2.442924047500254492e-01
2.142949440302456665e+01
2.201988074173698351e+01
2.157347076806114572e+01
-5.430847692516662661e-01
-6.029520667655745569e-01
-4.652035482392047339e-02
2.181464382485449960e+01
2.219223040030686889e+01
2.166325574159620970e+01
2.138978321010966255e+01
2.176326172047371443e+01
-3.272478494787132153e-01
2.177865561552983209e+01
2.139500118383556782e+01
2.173282190582818174e+01
2.187609521442298544e+01
2.144218957948805482e+01
2.537566683736278694e-01
2.169094225559814859e+01
-4.345199281722574858e-01
2.204463459235153167e+01
2.189741296269853876e+01
2.249867130231038814e+01
2.147177631765079653e+01
-2.005780039508906487e-01
4.091104699649404930e-01
2.174005504534039090e+01
1.306707917569542854e-01
2.154831161858654909e+01
2.214706615647661181e+01
2.160164579596290224e+01
-7.006153348675766557e-01
2.150132977566678250e+01
2.165467091320110882e+01
2.156613544834948470e+01
2.169591538919846130e+01
2.204380094813605240e+01
2.211412367704587112e+01
2.203130622492697199e+01
-2.272223594106358435e-01
2.184206460965989649e+01
2.151148094664172916e+01
2.192769255329050893e+01
2.182149366165537074e+01
2.160102856494458479e+01
2.167530797214840277e+01
-1.079105194060699935e-01
2.166351040888855550e+01
2.139358909720190383e+01
2.156969967704706193e+01
-6.390241266584893998e-01
2.181356266506178798e+01
-2.162536051262290426e-01
-5.221343948185365180e-01
2.178541416398945785e+01
2.223284657142051302e+01
2.177714628803937202e+01
2.146907455476831927e+01
2.191987530492925629e+01
2.215568073845065911e+01
2.400726675465140181e-01
2.154532502617711742e+01
1.438509482059178168e-01
2.237274269301563834e+01
-3.059846402574033508e-01
2.147693998016927353e+01
2.272490363610682351e+01
-3.440908342390518460e-01
2.154804986551620516e+01
2.231140636336081329e+01
-4.996060816990378073e-01
2.163741843587932934e+01
2.174663073021000415e+01
2.182001271891929051e+01
2.161259816494019503e+01
2.213549458673784898e+01
2.154889589574761066e-01
-2.865955445403494117e-01
2.174032682103124969e+01
2.243638932857345836e+01
-6.494787002067312631e-01
2.202999992419497843e+01
2.137021048784791333e+01
-4.254598745633946244e-01
-4.654645895619956564e-01
2.155020555304184526e+01
2.194193817818994674e+01
2.213687134176288751e+01
2.146871499220270607e+01
2.164150297168839998e+01
2.268462686705824183e+01
2.143665646554316595e+01
1.010115878201292006e-01
2.182950936052877111e+01
2.177886408655927042e+01
2.184173563718689692e+01
-2.856796202556644015e-01
-5.994765964379229484e-01
2.190174764065926638e+01
2.150018801059244211e+01
-1.641939839767551090e-01
2.242088389579538443e+01
-5.958917623240935768e-01
2.152626473198442625e+01
2.166840035093633432e+01
2.173557035270475524e+01
-2.645775596814116115e-01
2.194663489627371789e+01
2.172778717808979110e+01
2.190684234858983359e+01
-7.992282194290856179e-02
-3.480284005077507459e-01
2.198359666488260800e+01
2.156970340957894905e+01
2.159343269604028848e+01
2.141944242891949202e+01
2.150857284985872653e+01
2.143636820255064279e+01
2.183687527233125891e+01
2.176410054180174569e+01
-5.427479998663964356e-02
2.154165977879934601e+01
2.205256162728310088e+01
2.156860563883004644e+01
2.175356525489366888e+01
2.144857587617232042e+01
2.213913814592148910e+01
2.144386550311742923e+01
2.202122660565403578e+01
2.166021904199181591e+01
-1.900238343856133216e-01
2.152630027438758020e+01
2.146876769317304934e+01
2.162757200099381194e+01
2.157259350306625834e+01
2.172183361329754092e+01
2.170755816578681419e+01
2.182713100499117331e+01
-1.339336221400588833e-01
2.161482460872501576e+01
2.226314912453805306e+01
2.151906598210711863e+01
2.207035230540551751e+01
2.178407459150040992e+01
-4.092616218539679718e-02
-4.049096311220755640e-01
2.219644208931411811e+01
2.180581994513158151e+01
2.204637049944849281e+01
-2.980601968961948955e-01
2.165197838830370003e+01
2.159478459088800761e+01
2.151784925775527668e+01
2.203847306697479880e+01
2.161116984590080747e+01
2.160413310212098281e+01
2.196313154320939987e+01
-3.814229802119779578e-01
-1.875532720075345772e-03
2.178988320232884845e+01
6.786438431414465455e-03
2.183260668139058325e+01
2.129576101323215553e+01
2.140015667122226617e+01
2.205466076010230836e+01
3.325255267295298411e-01
-7.182191952816363578e-01
-5.106946727569416922e-01
-1.896532091287439492e-01
2.173897307318651428e+01
2.265682386740455101e+01
2.148144646077533082e+01
2.130221970238786255e+01
-2.669788470022336213e-01
7.518193016849350485e-02
2.159823697031861656e+01
-1.706863588750725524e-01
2.153479449299944548e+01
-1.166544810290059964e-01
2.158036831627685004e+01
2.169743146647880749e+01
2.174695368457015832e+01
-4.835419429044172657e-01
2.153520313499339167e+01
4.010244446540223162e-02
2.203320936934825625e+01
2.161021930671870095e+01
9.342620815625091168e-02
2.180544479236099420e+01
2.180633052245095982e+01
-3.557702059067189282e-01
2.167875825122021283e+01
2.366415371441077387e-02
2.166335804984329982e+01
5.677359654425372382e-01
-4.890927444750992059e-01
2.155537599434093465e+01
2.197313805732937553e+01
-2.771518371376424650e-01
3.917633796012021108e-01
-4.757433046979638869e-01
2.196946317542848348e+01
1.888513800271918175e-01
2.172038305886978193e+01
2.194781443908455287e+01
-2.329327416887589930e-01
2.228280296570638086e+01
1.521189157690385763e-01
2.260629169207642875e+01
2.188589418965907285e+01
2.152539793071855811e+01
2.177970425524576825e+01
-6.512558822576628437e-01
4.765491435282871446e-01
2.210737203802773365e+01
2.206821809739323115e+01
-2.928969013201371263e-01
2.185162800913013825e+01
-1.722657266557753308e-01
2.215064405534033654e+01
2.202383599210841680e+01
2.173670055246387989e+01
2.206074186533053449e+01
2.011553076946337448e-03
2.146550252805861447e+01
2.136721734240944670e+01
2.170023684239442829e+01
2.200618109097782948e+01
2.163766319780204839e+01
-3.585859428051130227e-01
2.471368497310362233e-01
2.187992611269037369e+01
2.158326312924993573e+01
2.157337122325676759e+01
2.179548097977036747e+01
-3.631283038042544264e-01
2.136098028940885740e+01
6.256557821289130406e-01
2.215554082384620926e+01
2.184464497222300139e+01
2.203972479702180820e+01
2.161678076278922589e+01
2.151972054217839769e+01
2.162104686389712427e+01
2.152966253576077094e+01
2.174106133626719028e+01
-1.676354654143838996e-01
6.147765053908571531e-03
2.146426005665443171e+01
2.150701841629960853e+01
2.163968436837002329e+01
2.160270608175724050e+01
2.160487627381409226e+01
2.194745316114979516e+01
-3.995354390648057086e-01
2.239025742653060647e+01
2.180736901305991893e+01
2.903895273720420445e-01
2.149682321601592605e+01
2.169515199889277568e+01
2.141863768710722837e+01
2.209946032993745035e+01
2.195402349734853331e+01
2.141811890054702161e+01
-3.710363938276061146e-01
2.198990295921646876e+01
2.182389334889683852e+01
-1.148679159806794692e-01
2.166789979255699450e+01
2.160122403301155458e+01
2.152005709166974867e+01
2.155200874738215688e+01
2.172567816501721083e+01
2.195689867984653887e+01
2.158211423566113041e+01
2.148200657604379771e+01
2.152491151353810395e+01
2.221327534063363629e+01
-6.117062836170130691e-01
2.181380272430573797e+01
2.266147080338802056e+01
2.163348456898792449e+01
2.222130884758995251e+01
2.176684307192890344e+01
2.160377948783423108e+01
-4.739596500587865413e-01
2.163744446077767591e+01
2.148527624061389574e+01
2.213316912492401656e+01
2.205065382727754297e+01
2.140606452939843507e+01
2.168135028818347365e+01
2.166705027656115590e+01
2.164891309864607649e+01
2.163849907209674939e+01
2.173367293640973585e+01
2.144261734963373200e+01
-3.005805845058555636e-01
2.169303780434068329e+01
6.686671253924580949e-01
2.173418040490939518e+01
2.169677280070509440e+01
-5.591022567688568312e-01
2.154936298910583403e+01
2.194497893197423366e+01
2.158651736628948470e+01
-3.367891343489749501e-01
2.175061803270884297e+01
2.154497986334385118e+01
2.183227103920721746e+01
2.164535682260370919e+01
2.164601345347398009e+01
2.200690439590989556e+01
2.149318403773350639e+01
2.150978504985772588e+01
1.999802700956679891e-01
2.150021464659251080e+01
-1.982171569356041552e-01
2.147785325662828271e+01
2.167282388144890248e+01
3.245785370751910204e-01
2.193903987396377175e+01
-4.710158072193302292e-01
2.148706687035562624e+01
2.189554541278387489e+01
2.182339808222740274e+01
-4.392088872981922965e-01
9.515298952894104545e-01
2.182117850651366808e+01
-5.347052194411776593e-01
2.168178214253467573e+01
2.192606067657374069e+01
2.141427090687546553e+01
2.160021608728978748e+01
2.139049516319414579e+01
2.160403477519396986e+01
2.165237109998726694e+01
-4.261133447282225983e-01
2.160929141424890787e+01
-2.083821256561004809e-01
-8.203358996000542636e-01
6.538569345551794587e-01
2.212407639390961123e+01
3.821924811039835168e-01
2.181762498394992633e+01
2.234682577679887316e+01
-6.203640556558741581e-01
2.163708031396256715e+01
2.202823920824464210e+01
2.150876869268784475e+01
-5.309330380954779827e-01
2.161141793139879752e+01
2.225077397194269579e+01
2.181293688782296414e+01
-3.502001816125788203e-01
1.328894323538379885e-01
-7.643168479678876803e-01
2.190117042569237427e+01
9.781989993253337179e-02
2.143333488696658407e+01
2.246368688372562872e+01
2.197761920203864960e+01
2.179953739484603759e+01
2.145841709738050085e+01
2.190572636287004116e+01
2.168603327279252113e+01
2.221926831465659546e+01
2.168740985617328576e+01
-5.759390023842165807e-01
2.175472514705406724e+01
2.169820527519918230e+01
2.114666939955757163e-01
2.611787396474141154e-02
3.886293238359332936e-01
2.129631486685315878e+01
-3.115555510218451785e-01
2.161649659849778971e+01
2.151100614489471852e+01
2.169462749845384053e+01
2.145251833941273745e+01
2.195505154346184540e+01
2.193940511278358230e+01
-2.987128234361633439e-01
-4.115168084335540932e-02
-5.062142729222706139e-01
6.483777018927860958e-02
2.172977888067541841e+01
2.176926605712989016e+01
2.793494036448135320e-01
2.200761393211815786e+01
2.159462784660918189e+01
2.232521212609503891e+01
2.173341487910323622e+01
-7.050027218722276778e-03
-3.082261140112674269e-03
2.171447921904305289e+01
-2.457756863632492017e-01
2.190447579043863513e+01
2.157589327542723723e+01
2.184941459674931608e+01
2.148577256782970579e+01
2.190784940195617025e+01
-6.511993015990708011e-01
2.197078647636521609e+01
2.182176465419023259e+01
2.147150192668058111e+01
2.147761751388269857e+01
2.163094350647500974e+01
2.225860366708009153e+01
2.193404971016743232e+01
-7.624712338864114702e-01
2.218779217541343129e+01
2.170450206611867827e+01
2.165810442116580958e+01
2.175109623175427132e+01
2.156590272406156572e+01
2.153198658422852674e+01
2.144865192694830824e+01
2.212283652755863628e+01
-3.409863134286432729e-01
1.341932933937419747e-01
2.203924458821641608e+01
2.152996365329821771e+01
2.149515258552504804e+01
-1.642551924416983944e-01
2.150857636301500975e+01
2.198884287523796388e+01
2.165124175424080732e+01
2.169921276255741915e+01
2.210188691637477021e+01
-1.898780471255345770e-02
-5.243268103215302789e-01
2.144928779011119602e+01
2.143368565807934445e+01
2.174945327156458674e+01
2.147136014240116353e+01
2.179629597546093223e+01
2.189608810962868191e+01
2.147972982091367555e+01
-3.949246940217125967e-01
2.190697110828634919e+01
2.198337867937571843e+01
2.183898068103066592e+01
2.167894514327278799e+01
2.168992348934456160e+01
-4.240808910643834029e-02
2.175542651180856879e+01
2.139733995220961305e+01
2.201535916249849123e+01
2.191293192942475798e+01
2.133430041548180256e+01
2.185396616196602793e+01
-4.222090115025878276e-01
2.228004408149863025e+01
-3.622979761956482969e-01
2.151885277650285389e+01
2.187497238471470595e+01
2.678430486312355363e-02
2.150341987626228146e+01
2.134496282761860897e+01
2.142976792457984558e+01
2.202408849838026583e+01
2.183857787803858841e+01
4.998055828467351525e-02
-6.966125684570592114e-01
2.222850279909201276e+01
2.184437633028237968e+01
2.630702896534693469e-01
-5.055559605809438750e-01
2.187305202373635993e+01
2.230626089461308226e+01
2.192138914707458142e+01
2.134668535251242361e+01
2.171190457047705635e+01
-6.259793128523984951e-01
2.153258782394226856e+01
2.178551358950736372e+01
-8.870977800821495673e-01
2.138951022011691450e+01
-5.094658196051075061e-01
2.154302320228909906e+01
2.151046315563442235e+01
2.155496159345856455e+01
-4.982298243756890233e-01
2.207811350076270429e+01
2.199283298309155654e+01
2.183019009339122718e+01
2.170644369468422497e+01
-7.624911990316490806e-01
2.205400942368273220e+01
-7.133937399781562494e-01
2.130065509941327306e+01
2.142665011839299893e+01
2.150913454422173032e+01
-5.886466359927109426e-01
3.444252990489815591e-02
2.142415090446490211e+01
2.247222890468534473e+01
2.144859820498372116e+01
4.532027298938582360e-01
2.202680613575505930e+01
-5.598727040895501439e-01
-5.501960166568113930e-01
2.185334771747062632e+01
2.158564687426059336e+01
2.265062061472024268e+01
2.186614426062694250e+01
-8.587563406164177016e-01
8.135832965850720022e-02
2.163011039253784418e+01
-4.094366522240450168e-01
2.193297338374205196e+01
2.155516686356319056e+01
2.142192116298090809e+01
2.158643852052239964e+01
2.171696356446221898e+01
2.151345423257580691e+01
2.152496817374605342e+01
2.179676135282766580e+01
2.203542213635890690e+01
2.170075758651566034e+01
2.217999431384053111e+01
-6.045731274687904389e-02
-3.476562477832587650e-01
2.168078386896966592e+01
-4.559638221948915104e-01
1.746161345935545173e-01
-4.598494593737106895e-01
2.154412120279397413e+01
2.150964046213589853e+01
2.240574425526339652e+01
-7.472462289002134161e-01
-1.597828124177695930e-01
-4.941010633775174687e-01
2.111496920097901864e+01
2.151940981791083374e+01
2.179059148538870261e+01
2.144344931018308031e+01
2.130746941276473905e+01
3.217491181819484014e-01
-4.931050929045215914e-01
2.243612744716700291e+01
2.185570324456224256e+01
2.164717194619460017e+01
2.187111374436226896e+01
2.183085682018364793e+01
2.203062375694197428e+01
2.140536970457738519e+01
2.169676442087676094e+01
2.146399347241895228e+01
2.173639613046771402e+01
2.205405950896595613e+01
2.152453229565894688e+01
2.162137288187282635e+01
2.184322730175546923e+01
2.158310796307691604e+01
2.165673762342543185e+01
2.156355934986589062e+01
2.163108936116216086e+01
6.513236163742923690e-01
2.156147916676698273e+01
2.191539248026748510e+01
-4.699486376457118197e-03
-2.010469153211109639e-01
2.190796391334060900e+01
2.220734878521226108e+01
-2.225823203642471881e-01
6.777559706947666740e-02
2.170867762371610254e+01
2.162862516990297479e+01
-7.370856938405410119e-01
2.138319195718127119e+01
-3.513845426481735368e-01
2.178134222988524371e+01
2.158124218198740252e+01
2.152564591600168953e+01
2.154935794610806354e+01
2.134830495202650980e+01
2.188688276296482726e+01
2.158382466521099019e+01
2.151664579353613860e+01
2.190317015922662236e+01
2.186792984750524482e+01
2.918444090552124726e-01
2.140461672505341895e+01
2.197152568197405742e+01
2.163590002410684576e+01
2.117101774754266685e+01
-3.124522876428583729e-01
1.014240134168059582e-01
2.221784419810218125e+01
-4.022108180282165657e-01
-6.281500374995712122e-01
2.203104885068432139e+01
2.148071796569413650e+01
-2.878950108203730540e-01
2.149485331197710636e+01
2.188559790823198625e+01
2.143363328498887554e+01
2.159648881998159453e+01
-4.464014509371511674e-01
-3.371436834123725523e-01
2.149979794971535796e+01
2.257826626723250030e+01
2.166440726580658449e+01
2.166436846317919418e+01
2.202160895828949805e+01
2.169270513925912169e+01
2.146366105234171684e+01
-7.638988432161717412e-01
-7.463614340171524919e-01
2.167503317381709138e+01
6.392576953686610608e-01
2.162891720091480607e+01
2.143021155070545092e+01
-7.369616404152221634e-01
2.263277287296957496e+01
-1.518526412974585682e-01
-2.262991339701285742e-01
2.211692984640735915e+01
4.642660256447928568e-01
2.136854547446672470e+01
2.156703259823676078e+01
4.945268141930346806e-01
2.132859619198271517e+01
-6.309599173560055396e-01
1.161490420371219523e-01
2.156133257090667854e+01
2.166973677957339817e+01
2.158918220591289483e+01
2.170003950973297080e+01
2.152867553461850392e+01
2.138382807003110386e+01
2.186728567535827494e+01
2.179221879341487522e+01
2.143742573558488473e+01
8.192576410693828137e-01
2.168860153296308013e+01
-8.452393479822954969e-01
-3.319679654787609513e-01
-4.681861748781383503e-01
2.182349431810321150e+01
-6.103224142827116117e-01
2.209937241172642786e+01
-5.408609548106225740e-01
2.166359282542946829e+01
-6.385006221888460676e-01
2.173921246055317980e+01
2.168391894025901223e+01
2.186034422699243862e+01
2.143846778717889379e+01
2.152546033615217524e+01
2.163602902871965483e+01
2.142644133524091643e+01
1.446250534924152786e-01
-1.903593350589564137e-01
2.164633549117931821e+01
2.166727598597680426e+01
2.158860847735226685e+01
2.164782312008736653e+01
2.182250689150794898e+01
-5.669438930440846569e-01
2.151862120213114693e+01
1.361778576957702880e-01
2.153651821359900964e+01
2.176931105169699165e+01
2.198276667233574955e+01
-1.978757933068859831e-01
2.159714562183635778e+01
2.157718975579157572e+01
-1.461630503646036416e-01
2.157853928546481370e+01
2.184001107756109761e+01
2.159061673678314364e+01
-4.715029951597955460e-01
2.192946385814988375e+01
2.917919715207563103e-01
-6.922582047076235590e-01
2.170093263914108306e+01
8.354202835839695807e-01
2.143646262011602488e+01
2.196172005594291221e+01
2.191221889486088870e+01
2.137263599928534319e+01
2.153661390138811882e+01
2.156000874498485587e+01
5.791532992572234750e-01
1.744387392345041476e-01
1.111155170805362413e-01
2.139829021162298872e+01
5.078982211602574015e-01
2.151719581762015920e+01
2.181575060063147831e+01
-5.814119237058456013e-01
2.170618893547523953e+01
2.175252562354209829e+01
2.220362422279358583e+01
2.206497281563081359e+01
2.145244786914974355e+01
2.142280765319555158e+01
2.179937918491859961e+01
2.202211235619004981e+01
2.176038826047003383e+01
2.156561855032362374e+01
2.204898962405096796e+01
2.167970841631285595e+01
2.162794230917539551e+01
2.148036444874477269e+01
2.157288395339588050e+01
-1.900668895940781367e-01
-4.091555534170008279e-01
2.185673861546454333e+01
2.147940365800672424e+01
2.186056896301430896e+01
2.146410519610796896e+01
2.187234933290830696e+01
2.180575006554375861e+01
2.188763720782072397e+01
-5.730650586399457236e-01
2.694441762761382586e-01
2.156301232587936667e+01
2.155512431441710675e+01
-2.887255983953558314e-01
2.161549231850214170e+01
2.139339243282407566e+01
2.156254274313435815e+01
-6.439088041648841632e-01
2.165028436292882574e+01
2.155682724425297536e+01
2.167794604519788493e+01
2.149077035970343275e+01
2.174092865508529471e+01
2.178407099682122450e+01
-5.136506867059171810e-01
-5.820784855896523613e-01
2.140464077908417195e+01
-5.064844528698709825e-01
2.168111014938900993e+01
-5.472126062111952738e-01
7.817337579736032271e-01
2.156656925876520603e+01
-3.466992193592557392e-01
2.156342786422832702e+01
2.179562920609135190e+01
2.185818435007012184e+01
2.210512278179166046e+01
2.183326569957212016e+01
2.243820076427177668e+01
2.181649487187306491e+01
2.138326042764505530e+01
2.146515172830737939e+01
2.152636641466943246e+01
2.180584414495735857e+01
2.172860957795814230e+01
2.166220969818886388e+01
2.131138201796669307e+01
2.160120919089194302e+01
2.164798916192315659e+01
2.196727389795404761e+01
3.818551749211614998e-01
-2.730122199588210785e-01
-6.743438581320848613e-01
-5.348259147107006228e-01
2.184414131050521846e+01
2.159185141828361054e+01
2.184020168879999346e+01
2.230262959010969226e+01
2.207603421718360792e+01
-3.829599907006553394e-02
2.192742762520516209e+01
2.178943286855299633e+01
2.186010484484805261e+01
2.166265065719365879e+01
-2.203723611532796278e-01
2.141364848684239064e+01
2.150650561507771386e+01
-6.159055852401157383e-01
2.136160902064155920e+01
2.145037109043226309e+01
-5.245192816880150932e-01
-2.474582387195403133e-01
2.162397180063599933e+01
2.173538322895854691e+01
-1.394307370002072499e-01
2.164958581840215501e+01
-5.998875509427117336e-01
2.142965461269712435e+01
2.639890540354120629e-01
-4.344180856161929949e-01
2.152604731793820037e+01
2.177767519992025669e+01
2.151086434368475864e+01
2.159373135123451704e+01
2.128262351902554528e+01
2.146942725645018513e+01
2.180886142272647632e+01
-3.100652930427755249e-01
2.153465075180357147e+01
2.155284420620866825e+01
2.143537537749892152e+01
2.148102242573664000e+01
2.144656819337464526e+01
2.159720001506846287e+01
2.161681576360589219e+01
-1.483909281084679899e-01
2.153242638070301851e+01
-7.366917250307623011e-01
-6.437219348697507115e-01
-5.131731400876852200e-01
2.216134849906060111e+01
2.167648968312850855e+01
2.145137110481845610e+01
5.504312120175571810e-01
-5.352266687280162749e-01
2.192917157485547008e+01
2.209331869253814062e+01
-1.785554853819115717e-02
2.139691506231556062e+01
2.188615237247301337e+01
-1.223623495783887627e-02
-1.295913291071871809e-01
2.150889292578843381e+01
-2.096317066574351351e-01
2.185670205773522312e+01
2.142990089463396686e+01
2.179126892466082666e+01
-2.618596547422314957e-01
2.200809302246787169e+01
2.157977695115622652e+01
2.223647520248330878e+01
2.174674442271249220e+01
2.186038199435252238e+01
2.184302331744654069e+01
2.146821892840900148e+01
2.191463262204831608e+01
2.209494463984007595e+01
2.178865548261717322e+01
-1.578620909691085261e-01
2.174302010694935916e+01
2.108195386214887224e-01
2.146446688576388695e+01
-4.040486429310888861e-01
1.778235214108615514e-01
1.100755220123359468e-01
