reward0.05772968925646041
action1.0
1.0
v1.8720357007604906
probs0.46241656,0.0018403854,0.017336845,0.18291245,0.26763913,0.048268903,0.0031523227,0.004872136,0.008451078,0.0018566947,0.001253573
Num_train16
reward0.04727753217140327
action1.0
1.0
v1.8558746929242826
probs0.1613611,0.0013321342,0.01513682,0.15617199,0.6267968,0.022643581,0.0031616061,0.0065757246,0.0034517627,0.0019030935,0.0014653672
Num_train32
reward20.070860416730834
action1.0
1.0
v18.36698597882055
probs0.13063888,0.0015912675,0.022187345,0.1824662,0.5930426,0.042247865,0.0055132657,0.012765207,0.0042414255,0.0027763662,0.002529543
Num_train42
reward0.06051787320479001
action1.0
-1.0
v2.0177752348261033
probs0.26266325,0.0015130672,0.015270566,0.07526701,0.6055881,0.021963194,0.002877576,0.008206799,0.0028123998,0.0024841104,0.0013539146
Num_train58
reward0.055152559667977476
action1.0
0.5
v1.9115172076995701
probs0.28610894,0.0017931741,0.018083846,0.13677664,0.5062962,0.030971395,0.003595231,0.007625057,0.004581944,0.0024534396,0.0017141039
Num_train74
reward20.04319215638466
action1.0
-1.0
v22.23826375651256
probs0.040429518,0.0008242215,0.012744992,0.057142314,0.85574526,0.012818,0.0034147368,0.012290291,0.0010132327,0.0020042025,0.0015732577
Num_train82
reward0.04233724246213449
action1.0
1.0
v1.8666093653651281
probs0.23377043,0.0015975102,0.017196348,0.18315764,0.51420665,0.0314115,0.0034690714,0.00669333,0.004894557,0.0020678118,0.0015351468
Num_train98
reward0.026929389356620703
action1.0
-1.0
v2.021428192909748
probs0.03046351,0.00042229152,0.0063216244,0.05212783,0.896807,0.00483613,0.0014082822,0.005338392,0.00052938453,0.0009885826,0.0007570407
Num_train114
reward0.041883639979245206
action1.0
1.0
v4.982826563674484
probs0.06014568,0.0008713255,0.013601348,0.18192711,0.70437145,0.02154169,0.0033930973,0.008870652,0.0020889696,0.0016153979,0.0015732591
Num_train130
reward20.047164569175997
action1.0
1.0
v42.790884997302705
probs0.34479958,0.0025345222,0.027985409,0.21520157,0.27887082,0.09600472,0.006396109,0.012035148,0.01018889,0.0033389588,0.0026443228
Num_train132
reward0.02437442848783107
action1.0
1.0
v1.7903717638750274
probs0.035792176,0.000525701,0.0073605836,0.11072431,0.8282818,0.0079544205,0.0017823786,0.004744806,0.001027958,0.00094931596,0.0008565802
Num_train148
reward0.04261063817435096
action1.0
1.0
v2.0271102335692452
probs0.118005954,0.001047138,0.013117661,0.14213338,0.6928547,0.017914804,0.002772743,0.0065963645,0.0024912194,0.001688905,0.001377104
Num_train164
reward20.0377877875768
action1.0
0.5
v19.91621926257971
probs0.7976398,0.0017865296,0.01124899,0.048966244,0.020611864,0.09996065,0.0020908308,0.0024269947,0.013137419,0.0013493851,0.0007812768
Num_train173
reward0.028012868513093283
action1.0
-1.0
v1.7074786853366906
probs0.0369441,0.000487651,0.0067667332,0.04634092,0.89407986,0.00536801,0.0014699071,0.0060519176,0.0005685068,0.0011519953,0.00077031617
Num_train189
reward0.05034016891768758
action1.0
1.0
v1.8622763201353192
probs0.61212796,0.0019488962,0.016042598,0.14164095,0.15379392,0.05488754,0.0027685813,0.0041442094,0.009765967,0.001750695,0.001128684
Num_train205
reward0.0254575020691572
action1.0
1.0
v1.8455334028147292
probs0.027572887,0.00044349165,0.0063857776,0.09689318,0.8538102,0.006474902,0.0015718137,0.004413327,0.0008171924,0.0008433628,0.00077400997
Num_train221
reward20.04808563092777
action1.0
1.0
v18.098377143541676
probs0.67559415,0.0021021655,0.016931599,0.10947593,0.05624794,0.11469948,0.003204165,0.0044656387,0.01417051,0.0019004147,0.0012080151
Num_train231
reward0.054592255094666524
action1.0
-1.0
v2.0743914556859138
probs0.46246684,0.0019624683,0.017090099,0.07931079,0.38514438,0.034752324,0.003088749,0.0073869782,0.0047334176,0.00264167,0.0014223917
Num_train247
reward0.05978176759551364
action1.0
1.0
v1.9445372345143395
probs0.51924044,0.0018705644,0.016876917,0.17135479,0.21759455,0.0532851,0.0029831787,0.0046678833,0.009086649,0.0018228226,0.0012171363
Num_train263
reward20.037384689634223
action1.0
-1.0
v14.753288178508617
probs0.023154892,0.00057524536,0.009757223,0.047424424,0.8936329,0.008617668,0.00267049,0.010747352,0.00062996673,0.001516283,0.0012735038
Num_train275
