2.194252535484669053e+01
2.225689604816400546e+01
2.277481037893095461e+01
2.205873054491576113e+01
2.212458594803564793e+01
2.195150526570299476e+01
2.265197754549805254e+01
2.217530862072583631e+01
2.210010912689896756e+01
2.189320858212579779e+01
2.217539972217171496e+01
2.202922218866628157e+01
2.166078763184484401e+01
2.232902620065659249e+01
2.170452523793514032e+01
2.206219545345253152e+01
2.193280279781266984e+01
2.164436389458709797e+01
2.196211397666614573e+01
2.159059710242067354e+01
2.263469305831694101e+01
2.177397893176119936e+01
2.213970159628533096e+01
2.167396630134665969e+01
2.248830046783826830e+01
2.200066915223008479e+01
2.172860982553928011e+01
2.211036105807133723e+01
2.189198971164560703e+01
2.170302190299452860e+01
2.201767575389997944e+01
2.192338010608360577e+01
2.201722726393228413e+01
2.179873985253378166e+01
2.240419953534996367e+01
2.190463813321595765e+01
2.192539220951888979e+01
2.233246592447989798e+01
2.150883385944284854e+01
2.156428560802827121e+01
2.214276608925419865e+01
2.177486017254658179e+01
2.237870976520728306e+01
2.168531669486144153e+01
2.192687560537820346e+01
2.161953238668143129e+01
2.197292150907103547e+01
2.179383860375968140e+01
2.186238769994776732e+01
2.223747727448181877e+01
2.173636483506524542e+01
2.205203039444654323e+01
2.196595180941388037e+01
2.270163513536746080e+01
2.164773917562557415e+01
2.171656641396336340e+01
2.208466045817835166e+01
2.160554571531117318e+01
2.190393701267145588e+01
2.197528104496045032e+01
2.189731044678505967e+01
2.164693181022551727e+01
2.169841081497964907e+01
2.152681897240957198e+01
2.241137182951273132e+01
2.240921547169061867e+01
2.204333930399296904e+01
2.173422130206006386e+01
2.234447635532243481e+01
2.173576417893619350e+01
2.168735927838951838e+01
2.181075139372626381e+01
2.170291672888486190e+01
2.233298393152155370e+01
2.232701795486718765e+01
2.176415037017777010e+01
2.194928695956528841e+01
2.161205942923881906e+01
2.171399636472720118e+01
2.187650798496917659e+01
2.207387769906665653e+01
2.253558723218568005e+01
2.218020684287596467e+01
2.194787679689142479e+01
2.167429728795965715e+01
2.164275840078052227e+01
2.146690035692449783e+01
2.207909804008095378e+01
2.161025710052662063e+01
2.201380864207065358e+01
2.148449260479690537e+01
2.212105175774611254e+01
2.188373520589082233e+01
2.151757221357198446e+01
2.190026574467788834e+01
2.222767088246304468e+01
2.183848584761637923e+01
2.213137885179999387e+01
2.168185338703512954e+01
2.222252521456318419e+01
2.189864895759923513e+01
2.211284781392608778e+01
2.148128201075443400e+01
2.199745490821202765e+01
2.188170903593151451e+01
2.227496738916356733e+01
2.171499869570075347e+01
2.174500184387073887e+01
2.193246461777937029e+01
2.156383984014881250e+01
2.207785015515985094e+01
2.218753541321938982e+01
2.207926744057442292e+01
2.220785814544374048e+01
2.163363003361854453e+01
2.196249466922461124e+01
2.155407604620100770e+01
2.225447888964419718e+01
2.207203626367313376e+01
2.162012203548572842e+01
2.149451736526828682e+01
2.240384674247446384e+01
2.244246380397176210e+01
2.150543560930299591e+01
2.187722660868896085e+01
2.194200702163260885e+01
2.235641807874677056e+01
2.207127985475348098e+01
2.165534776783511006e+01
2.190454179597695727e+01
2.196871237601027715e+01
2.238163186165566998e+01
2.173222480809406321e+01
2.162113507407618584e+01
2.199035130187175113e+01
2.227679521682177821e+01
2.162379507998947403e+01
2.211947016025315094e+01
2.174136466001812096e+01
2.181236954707074460e+01
2.201866577214956422e+01
2.178822283083317046e+01
2.178353944754545424e+01
2.224559028672731742e+01
2.210207021882611400e+01
2.191972002827652233e+01
2.168184618931563179e+01
2.185364097451878607e+01
2.180843604552051929e+01
2.208683222302491345e+01
2.186947896607937736e+01
2.205785748123271617e+01
2.165516947981599927e+01
2.188100777017378462e+01
2.234164780988605870e+01
2.203268661923922522e+01
2.173050417424535397e+01
2.202737836354321388e+01
2.202803202472413346e+01
2.225683524424284343e+01
2.209416521850653581e+01
2.182446087793133671e+01
2.191817162466819369e+01
2.155903074933247510e+01
2.205846354149358390e+01
2.161562066653519665e+01
2.305137911864986933e+01
2.186306169911788189e+01
2.169608875248505342e+01
2.203364680018984245e+01
2.192886549607685964e+01
2.201043909558745781e+01
2.151084294268964570e+01
2.184675289870547132e+01
2.272199978356004380e+01
2.160109682123966834e+01
2.218469601752172338e+01
2.220976458495203687e+01
2.156048045245496780e+01
2.206981107263938213e+01
2.206539017459252960e+01
2.156195666478689787e+01
2.151808637770751176e+01
2.166743276480269742e+01
2.263645647684471385e+01
2.220029589189939401e+01
2.214496274431389722e+01
2.190537547155743781e+01
2.168404928878285887e+01
2.198826752783585192e+01
2.199869151686091229e+01
2.226179237330219962e+01
2.162506575526975183e+01
2.151244257435810425e+01
2.152758275630052154e+01
2.151990347469746112e+01
2.157736680762507220e+01
2.184271991683845471e+01
2.212373468296508605e+01
2.184632703450039060e+01
2.197664237431705558e+01
2.173077571574270550e+01
2.147740350559896783e+01
2.200442461870284916e+01
2.159822135340416693e+01
2.174934528779178322e+01
2.198181725697365962e+01
2.170397693097270064e+01
2.191535058985673956e+01
2.174977181650346481e+01
2.152904031103945925e+01
2.153674182067309673e+01
2.186919212811466195e+01
2.154474208626834297e+01
2.166998925603915183e+01
2.265705676210797392e+01
2.231869121165430769e+01
2.229286266535633487e+01
2.206311413675702227e+01
2.212795863492609882e+01
2.187200318119762699e+01
2.147498392807867162e+01
2.220866265119014571e+01
2.190167083745858534e+01
2.198185975283863769e+01
2.183520086340618249e+01
2.146402100718356110e+01
2.152308987090885850e+01
