reward-4.9389025252999376e-05
action0.0
0.0
v0.09893376289957875
probs0.10767702,0.086873114,0.07527331,0.06821033,0.12439961,0.13814248,0.05450713,0.12383615,0.06960861,0.10335768,0.04811453
Num_train16
reward4.132191608867686e-05
action0.5
1.0
v0.10589539370713577
probs0.12710358,0.088732526,0.08471907,0.07453805,0.09966215,0.1115919,0.054641794,0.10227931,0.08811489,0.11838923,0.05022749
Num_train32
reward3.8729677076076994e-06
action1.0
0.0
v0.10527001601921003
probs0.11376999,0.09134092,0.085034385,0.09136612,0.08943524,0.108562596,0.062775895,0.09658716,0.09280588,0.11549789,0.052823927
Num_train48
reward-0.030812486822022936
action1.0
1.0
v0.052702289518885836
probs0.11251794,0.07416375,0.073714286,0.09203973,0.095464505,0.1144961,0.057434365,0.08392428,0.10132143,0.1480057,0.046917934
Num_train64
reward-4.929344611106501e-05
action0.0
-1.0
v-0.2112121586516654
probs0.075246535,0.09221133,0.09270428,0.1678452,0.07047454,0.09469286,0.1005428,0.074378915,0.0730921,0.097965874,0.060845546
Num_train80
