2.202367857937701245e+01
2.223692093291259653e+01
2.204466776407115702e+01
2.193475083037940365e+01
2.179122371731215324e+01
2.218319560169105387e+01
2.239541704440301828e+01
2.205553048335671562e+01
2.179061820984891185e+01
2.166138281753384476e+01
2.159693685941870100e+01
2.163033191350349327e+01
2.165668756501202097e+01
2.184469806945243420e+01
2.226527890265468557e+01
2.251345103934531977e+01
2.174589766674879954e+01
2.208787196816732035e+01
2.143963263095309912e+01
2.144720837172169681e+01
2.197244390812066683e+01
2.222474812736900418e+01
2.165801845248967439e+01
2.218848889012106085e+01
2.210037321993579695e+01
2.251336059426628822e+01
2.197066252473056380e+01
2.204023188904596964e+01
2.161036260308918600e+01
2.177100545698892375e+01
2.185892992532149393e+01
2.181123537989627437e+01
2.184737258782421065e+01
2.166052258969492783e+01
2.182569754725940570e+01
2.172247166869703605e+01
2.202100338801680479e+01
2.207553625895841876e+01
2.193126923173591081e+01
2.197995480018724379e+01
2.158898845504833375e+01
2.292884871740782060e+01
2.235486984799798194e+01
2.264627896474345903e+01
2.221210797844372209e+01
2.146917867106825639e+01
2.170738399254395645e+01
2.209868968618728502e+01
2.179091338633054420e+01
2.171846442245968234e+01
2.201871405528578052e+01
2.160752164108167861e+01
2.202841028665375944e+01
2.199298658112941496e+01
2.187923795603851218e+01
2.197813624931946208e+01
2.146532237539394572e+01
2.197822589598501963e+01
2.157296360602274632e+01
2.162746446178555360e+01
2.211232188983648683e+01
2.219637958454421423e+01
2.172950323233675718e+01
2.251982535097923588e+01
2.190998366513932183e+01
2.165134647871942875e+01
2.161498806721877131e+01
2.173789300142878389e+01
2.194313889173887944e+01
2.202790235768994620e+01
2.168580830898415002e+01
2.194386910901251753e+01
2.190331531594216585e+01
2.194922651618988851e+01
2.191695971927387632e+01
2.175957753825660745e+01
2.160785388131366958e+01
2.250045300157250594e+01
2.200563972204604823e+01
2.207219844149325993e+01
2.193140691392154196e+01
2.170444937998117041e+01
2.175075716330015752e+01
2.191362007094543785e+01
2.187257003515582099e+01
2.206725519431054394e+01
2.275359695145730399e+01
2.200310978793960359e+01
2.208099508304905356e+01
2.174118802073359191e+01
2.149905698376147711e+01
2.162123541688563222e+01
2.207545215418179652e+01
2.175539412670122275e+01
2.166815549005434605e+01
2.163961331047291736e+01
2.215995228944364825e+01
2.175703746415279127e+01
2.151883498702743580e+01
2.179301137340865324e+01
2.170403259391857986e+01
2.198378969891729184e+01
2.179958887840904680e+01
2.182577848833537004e+01
2.191330622254222860e+01
2.232835727873301934e+01
2.173680277199914102e+01
2.204835412976024145e+01
2.219492863002114191e+01
2.174427942173918993e+01
2.174442370957325110e+01
2.176645705098444594e+01
2.270754024840941554e+01
2.166217051505882552e+01
2.232254441454940874e+01
2.163704559513264414e+01
2.213431060210727352e+01
2.204709449875314675e+01
2.202732631469898550e+01
2.201179519598946399e+01
2.151221425561011102e+01
2.198458543476755622e+01
2.184459405176464841e+01
2.190467403351126663e+01
2.265233989924627167e+01
2.238146630248985858e+01
2.146606726874155413e+01
2.215352080199615870e+01
2.187274533594384707e+01
2.192126084481208181e+01
2.199859996685221830e+01
2.211782222071364856e+01
2.168511470757073312e+01
2.216574961249263609e+01
2.251745437723374721e+01
2.181959873589217125e+01
2.202481111621623810e+01
2.198638464725912200e+01
2.152902664605152694e+01
2.198801202419345913e+01
2.191320112839116163e+01
2.167565249505686964e+01
2.172758603516642495e+01
2.194900360288215069e+01
2.186430943424562301e+01
2.181190448767614853e+01
2.198509292377237756e+01
2.173650327402548399e+01
2.156540963369037911e+01
2.168519951952517033e+01
2.203748927906212884e+01
2.154763299884445260e+01
2.163016213340732818e+01
2.169983817923468550e+01
2.176385634667333591e+01
2.179059179497349419e+01
2.214609672339484447e+01
2.165825789799567502e+01
2.178151052293938505e+01
2.192635613998054112e+01
2.173985884490517151e+01
2.203294339838202731e+01
2.203780425171573754e+01
2.202399418214274363e+01
2.183057534701880442e+01
2.189428557179045853e+01
2.196920402038899311e+01
2.171500973641368759e+01
2.232233794433689766e+01
2.186270427232474489e+01
2.304524693885069553e+01
2.191183374651438953e+01
2.202590004135264579e+01
2.192245874795949945e+01
2.195831001977836650e+01
2.157882702317513690e+01
2.186214994818126911e+01
2.164855993836260950e+01
2.189580710934670194e+01
2.181362879974617286e+01
2.203990605630092503e+01
2.190773535003202710e+01
2.180752287730141248e+01
2.233287262212532553e+01
2.225970855425489958e+01
2.190634857584516126e+01
2.163386970352878080e+01
2.147803278117286396e+01
2.184741785604730069e+01
2.183758778495779396e+01
2.208131599132277856e+01
2.189091952181608391e+01
2.188398691508011851e+01
2.181659824762739674e+01
2.158692198041232757e+01
2.176910894584423772e+01
2.158547731009810988e+01
2.231050074569774466e+01
2.152403221827155022e+01
2.197766802990432211e+01
2.164476524464418006e+01
2.236559312660101284e+01
2.158133706001408569e+01
2.155645991244367465e+01
2.198688134701654917e+01
2.187239109122836211e+01
2.271676675613533547e+01
2.204651848190598429e+01
2.155139730327127268e+01
2.170519515584402370e+01
2.229530153310254903e+01
2.221125237689915366e+01
2.237205438017129566e+01
2.187575298189743123e+01
2.180831333731571675e+01
2.251640450183837316e+01
2.198609614129582468e+01
2.193321811279404443e+01
2.202666427099350344e+01
2.202831840744077141e+01
2.169587839737403812e+01
2.220192104633068908e+01
2.222327399525211078e+01
2.192842567615614158e+01
2.218030588970670891e+01
2.242325422670377577e+01
2.178711723015178237e+01
2.187475131086904767e+01
2.157830743368402082e+01
2.240991855960349000e+01
2.233064465576163116e+01
2.269957488853277994e+01
2.276063033923998447e+01
2.211428274255368365e+01
2.172436186844773687e+01
2.193919990503665218e+01
2.261920903283036921e+01
2.271268780338665394e+01
2.166599991456923036e+01
2.159370768423179143e+01
2.203584460802848355e+01
2.167556614554454697e+01
2.208098276568202323e+01
2.189775308476393079e+01
2.171617015023795005e+01
2.185219298043070069e+01
2.179594454186239716e+01
2.165520717936705708e+01
2.231220485269636811e+01
2.266961161403203207e+01
2.229125679028774698e+01
2.175587780678986149e+01
2.186413362658968040e+01
2.249711045467665471e+01
2.200089534831337446e+01
2.176332278665631392e+01
2.181122134421493541e+01
2.275509832161357693e+01
2.210666901868407308e+01
2.169153650031846325e+01
2.163759310841777861e+01
2.261499418176617837e+01
2.201000438013520011e+01
2.175898218697431474e+01
2.163751806545075596e+01
2.177529517801624337e+01
2.204408031044641803e+01
2.183805951003800416e+01
2.250978449266106907e+01
2.178149383609018130e+01
2.172257493545864904e+01
2.209622931280085112e+01
2.186111528514000213e+01
2.178763466371566793e+01
2.169446504455158120e+01
2.176996871387945376e+01
2.168641839268138582e+01
2.208317795546911810e+01
2.220396894628277096e+01
2.187278563261440212e+01
2.167586257658273041e+01
2.182195520791638188e+01
2.171064862214812408e+01
2.201965911044784718e+01
2.168140565280878818e+01
2.204202257349489713e+01
2.193276477156420157e+01
2.223717923808003860e+01
2.206770609890336488e+01
2.214881533748594222e+01
2.201365335978465154e+01
2.172014732292884531e+01
2.223147791854317035e+01
2.152507722073843510e+01
2.200284931004793165e+01
2.211513410711459926e+01
2.151372008850647788e+01
2.180874454570490428e+01
2.201984455362886095e+01
2.215640502536074408e+01
2.206139487813491584e+01
2.263486456714754524e+01
2.159331025587585273e+01
2.167770497153779274e+01
2.166262615701683103e+01
2.166498139013119939e+01
2.171321986722258046e+01
2.198232273391429814e+01
2.161094055869240549e+01
2.187493382210665516e+01
2.215595729646470602e+01
2.263793798823932590e+01
2.179753208315055701e+01
2.212085758096971944e+01
2.164810821602331004e+01
2.194715099625486587e+01
2.174872515556220520e+01
2.198217041099531599e+01
2.307292917418774181e+01
2.172528779900339302e+01
2.154359867056156475e+01
2.172403082717158895e+01
2.188756592320115146e+01
2.199060426119835654e+01
2.184689846872418784e+01
2.198886393036263698e+01
2.167503425510815873e+01
2.197310103327908593e+01
2.165490130316445061e+01
2.164926474146061608e+01
2.162176006846308596e+01
2.204931250482965766e+01
2.213048192630428090e+01
2.184904387903003808e+01
2.175973390952993469e+01
2.264898350403370486e+01
2.189992710790806640e+01
2.207504404383388064e+01
2.166875198415897685e+01
2.186706855744847289e+01
2.162148060084524914e+01
2.163894714142904263e+01
2.179996475519313393e+01
2.214898970205057793e+01
2.192918675956161678e+01
2.273578332842558680e+01
2.210859306800386648e+01
2.158766024508703296e+01
2.156529332752843686e+01
2.180942831069252463e+01
2.248133484126108428e+01
2.170994954827226664e+01
2.177097931301840106e+01
2.167052019033252463e+01
2.198887879354214192e+01
2.155855541658779373e+01
2.159161170912494399e+01
2.170941351486141713e+01
2.183205706305269800e+01
2.191631567746791376e+01
2.197961912698058740e+01
2.188708019063518506e+01
2.243119515115394336e+01
2.268697874874592202e+01
2.254115194470474037e+01
2.167894890005345232e+01
2.157290936849742735e+01
2.178009671894670518e+01
2.165491706330061561e+01
2.185019562416045957e+01
2.206368986684747568e+01
2.186637848347693946e+01
2.198603207700748641e+01
2.222275734083353882e+01
2.209752912604774266e+01
2.162502420254693192e+01
2.159559220359443898e+01
2.168111902416805492e+01
2.237153677979009103e+01
2.182015094389286247e+01
2.232993651140673563e+01
2.195967806591776039e+01
2.203076476578491594e+01
2.163312823704729126e+01
2.218904223628815942e+01
2.156920957311353959e+01
2.173914977870347087e+01
2.171645234897826882e+01
2.196943630486793708e+01
2.161548156898412643e+01
2.166869311582346569e+01
2.185025158428625858e+01
2.167281776314905883e+01
2.200442586196715311e+01
2.221856826048501787e+01
2.219419235495540477e+01
2.175654262609387146e+01
2.155068192361790835e+01
2.204266408367175600e+01
2.188724301913055825e+01
2.226984310132960587e+01
2.205229451437011079e+01
2.162425780554048060e+01
2.174259862181046188e+01
2.195083230818494258e+01
2.180293822466887832e+01
2.170606767006736604e+01
2.181436582024572601e+01
2.214732890761332484e+01
2.168090357800112855e+01
2.205203676251689870e+01
2.170187840968197079e+01
2.178782285203527280e+01
2.180166782546850257e+01
2.154015116977643984e+01
2.232249941626502476e+01
2.205668619416366738e+01
2.208824128822984889e+01
2.141650021520839431e+01
2.179529064344471223e+01
2.170254093697212738e+01
2.208560975191063847e+01
2.221351091379743892e+01
2.182157809789733705e+01
2.151565763132102660e+01
2.207073142834009971e+01
2.155496824185408400e+01
2.172976904901315720e+01
2.153642148856923200e+01
2.193322133758675818e+01
2.157828840756519639e+01
2.198359161217524260e+01
2.213450419838838812e+01
2.194244654718449894e+01
2.188534658426291912e+01
2.212690219623021193e+01
2.168165310122651235e+01
2.167434812139226352e+01
2.163470519704383221e+01
2.164854306323185895e+01
2.172799880020708230e+01
2.235977925039162528e+01
2.168654938286599076e+01
2.152190081630421759e+01
2.180426720021061016e+01
2.203473001674808174e+01
2.176259927969390162e+01
2.183204420399490076e+01
2.183093525443826977e+01
2.191007537827925233e+01
2.163563223007429670e+01
2.151925721257230606e+01
2.208637766463159835e+01
2.181943064217615458e+01
2.184550660306777559e+01
2.185062141766842103e+01
2.195343806664715558e+01
2.224297157837605354e+01
2.237362394826628886e+01
2.161648284721184154e+01
2.165133685722386048e+01
2.179003801959972364e+01
2.219210333350550002e+01
2.165945942850460426e+01
2.202604604780469799e+01
2.177027778927982737e+01
2.180954657241648320e+01
2.164200686524118211e+01
2.170140666555981568e+01
2.163802535254815851e+01
2.191635964482189536e+01
2.196134233625008392e+01
2.169810246017593869e+01
2.182433850825107768e+01
2.210741884650265376e+01
2.179684371507077145e+01
2.167113207643042472e+01
2.205171215897170001e+01
2.219505836423408596e+01
2.180951522761818140e+01
2.186327082751039086e+01
2.186839274883466189e+01
2.207376238650138944e+01
2.209318834042326074e+01
2.169895455960953967e+01
2.207316673973596721e+01
2.234729435106345719e+01
2.237826159606514054e+01
2.221576221758609293e+01
2.209534463123667791e+01
2.236945110327431152e+01
2.215938710037770676e+01
2.192571088726303685e+01
2.167849487645904816e+01
2.199830126005930708e+01
2.183882640044487999e+01
2.220770536851860655e+01
2.239785715504680041e+01
2.192663464745873014e+01
2.177388180340646429e+01
2.161200726320189602e+01
2.203601537758388673e+01
2.261564264677755887e+01
2.176587589169205827e+01
2.185795003607493214e+01
2.189637550120247766e+01
2.177382171837228597e+01
2.180175654182016842e+01
2.220343249601197044e+01
2.167306904973867532e+01
2.184729039525680250e+01
2.177434671232957086e+01
2.227409206737239700e+01
2.212293442036800784e+01
2.154984547673919337e+01
2.216596222698244745e+01
2.198126661735162202e+01
2.182245194408413980e+01
2.192538842585704373e+01
2.225955947101408938e+01
2.253574286721366704e+01
2.193185817619252020e+01
2.171641396229870580e+01
2.175184099039759644e+01
2.148598767723798275e+01
2.168080783385525834e+01
2.194267261741708808e+01
2.154118404678720466e+01
2.186039433387508524e+01
2.183123718512357669e+01
2.170158571765347588e+01
2.201316003173395686e+01
2.164420449663485613e+01
2.181792442397262022e+01
2.293309244548719406e+01
2.180346943644369517e+01
2.187616513004793717e+01
2.216185611482470819e+01
2.191417141638934751e+01
2.150507503896898953e+01
2.167563640470728359e+01
2.187744539466149263e+01
2.205229183754293487e+01
2.194866250522326823e+01
2.161300187429880282e+01
2.187083293845049070e+01
2.227350567365438394e+01
2.196591789956080021e+01
2.174200989691898656e+01
2.211979852393925938e+01
2.216782141587976795e+01
2.217620384991191074e+01
2.202510866007365209e+01
2.181885564926629684e+01
2.176065562303875822e+01
2.174327825768813227e+01
2.158450962523738070e+01
2.164530673317976550e+01
