3.346258420795762412e-01
2.186215752090767239e+01
2.211470084773449685e+01
2.161412253146999163e+01
2.160974339695444257e+01
2.239200450597407865e+01
-6.093321294142541866e-01
3.440716796277011325e-01
2.205284422943572409e+01
2.175298506493054163e+01
2.218055491485842623e+01
2.149786304708611340e+01
2.168699193948463844e+01
9.145366354231954098e-02
8.445582364463677383e-02
2.184106270321240117e+01
2.198698516762434707e+01
2.143844129637397344e+01
2.194763885460194430e+01
2.198939522950549375e+01
-2.031871395629415433e-01
-2.181103237385325633e-01
-5.113191097818687858e-01
2.165238406081773093e+01
2.199434942710308860e+01
2.141134302380671173e+01
2.183057020420461214e+01
2.189591435939140851e+01
2.184087683780960987e+01
-2.625669290108487708e-01
2.142996141766571228e+01
2.193450791468304928e+01
2.150191436476907114e+01
-7.345050431726477536e-01
2.210803528717671895e+01
2.165338087766227915e+01
2.157172628670518932e+01
-5.772053082799366575e-02
2.169733691277741272e+01
2.139201613551765391e+01
-3.421301120962783049e-01
-6.115343712616723160e-01
5.867874875453371608e-03
2.165841308150514166e+01
-6.003355612868455093e-02
2.131965846888686755e+01
2.142515917499751410e+01
2.180431731335075796e+01
2.161676000347879167e+01
2.211156922030390248e+01
2.205180038980960333e+01
2.238210195405123670e+01
2.170921414925480164e+01
2.164761585741321070e+01
2.233145074693810983e+01
2.151400208137362569e+01
2.181073547093511777e+01
1.821144644435803706e-01
-4.103658941233481183e-01
8.584872435046309036e-02
-5.364601466183243073e-01
2.166316170124503060e+01
2.172986546727402057e+01
2.143365341733210627e+01
2.180757240193594981e+01
2.148417371334220860e+01
2.161256789676198764e+01
2.130960828794837880e+01
2.188488517955984847e+01
-9.025878292097462285e-01
-3.217490400457302391e-01
-6.788864844420174904e-01
-5.280782756796345012e-01
2.154550698081991555e+01
2.189489013432622855e+01
2.145567505733709268e+01
2.146741899382224616e+01
2.167517506243687464e+01
-3.749773420617397157e-02
2.140821045095902875e+01
2.152990025427506637e+01
-3.503041145552066027e-01
4.251627139032265745e-02
2.154966855794303981e+01
-3.650290427825464423e-01
2.210937964279856160e+01
2.172826983223577813e+01
-6.146506461481682226e-02
2.160968275472284716e+01
-6.150355059643242139e-02
2.242523293771858661e+01
2.200179658917480552e+01
2.180138388162329477e+01
2.172470127610099411e+01
2.157699039805477526e+01
2.209099804497147801e+01
2.151403683067673356e+01
-4.918668937851407019e-01
-2.280830699480772550e-01
2.184100397176354491e+01
2.159209766039243306e+01
1.285823018859572064e-01
2.173357643988612864e+01
2.150184738505827298e+01
2.246468941796624108e+01
4.323168945600174284e-01
2.175132410386745008e+01
2.138731865828070156e+01
2.146741811415127898e+01
2.196759034869427651e+01
2.184794486028949834e+01
2.196320622661769306e+01
2.165016620447026696e+01
2.157773261919297525e+01
2.189243773085199862e+01
2.248761978547444329e+01
2.209342777078031972e+01
-2.674570644940427178e-01
6.072726865088449166e-01
2.202825595159960059e+01
2.182835751076791908e+01
-7.264808423493143152e-01
2.142319706580756389e+01
2.165355060591983616e+01
2.193355323989441885e+01
-5.741212456199056291e-01
2.590236333346829234e-02
2.194218414868806732e+01
5.271725921253606062e-01
2.197689030928505005e+01
2.167450417124800666e+01
2.166193797547267508e+01
2.156034658769161894e+01
2.162092210907716350e+01
2.172662012788290653e+01
-3.637874913585253944e-01
2.150281137910878115e+01
7.686505754877959173e-02
2.175091108406308393e+01
2.261375565042943236e+01
2.194904976888852133e+01
2.142871555526927452e+01
2.163527139103231178e+01
2.155602348066439689e+01
2.233450492374764451e+01
2.152910160801647521e+01
-7.846404002910116748e-01
2.175920011757514061e+01
2.132995985319559296e+01
-2.678546483602594064e-01
2.150252316146195852e+01
2.168363304392523006e+01
2.176933766927826497e+01
2.156168291356047106e+01
2.175753047012437946e+01
-1.329426300711080700e-01
2.177827335054858793e+01
2.196115305386349448e+01
2.210125332438437340e+01
2.166200664372114915e+01
2.130804450696853891e+01
2.179385335982180294e+01
-5.841559933351309075e-01
2.188426694640650183e+01
-6.819818622093580807e-01
2.183978372381526611e+01
-1.494617167179593809e-01
2.156009417625664426e+01
2.181652717722181478e+01
2.165418209313465780e+01
-1.331120586066055766e-01
2.179746442870926515e+01
3.450227723071427333e-01
2.144174124690627536e+01
2.152808131721466367e+01
4.251944966605382126e-01
-1.356070811607356097e-01
2.197838790169712553e+01
2.163624289380693000e+01
2.187783922176564744e+01
-1.318181974573293669e-01
2.154980066887872425e+01
2.161681902020804102e+01
2.183652294779449221e+01
2.150108466307519706e+01
2.178254161259164690e+01
2.210737739545560743e+01
-4.031101737395976770e-01
-3.556299644368094981e-01
2.183585667304212663e+01
-3.862658074260313379e-01
2.165425859735796976e+01
-4.225112492018802124e-01
-2.343669537975132666e-01
2.187549601576172975e+01
2.175897325671380500e+01
-6.793078121791819024e-01
2.160896730922045350e+01
2.195790992423117416e+01
2.164471497126272226e+01
3.209620410709699279e-01
-2.235266596877841794e-01
7.610451888501768014e-02
-6.857261231705216176e-01
8.660183026310763754e-02
2.162911687628304591e+01
4.090578798141412120e-01
2.132882166580289862e+01
2.167013151315687836e+01
2.191717248166737164e+01
2.150642171850590501e+01
2.243580392623266206e+01
2.183689176483013838e+01
-4.420408562367323935e-01
2.163884584413668222e+01
-3.194816223094715246e-01
-5.331884009484130216e-01
2.181894816374356338e+01
1.935001805010827525e-03
-3.925774524960911060e-01
-8.454240473418195290e-02
2.153418366315224830e+01
2.155077748553831896e+01
2.142284397839246068e+01
2.222459319471641948e+01
-4.098878044114446784e-01
2.179084966533305234e+01
2.155535637296948437e+01
-5.125799259059128365e-01
2.157419844251074892e+01
9.139799137252158090e-03
-5.724527062052405801e-01
2.186150322429313064e+01
2.239270005932355545e+01
2.170377402013349410e+01
2.172048309165840152e+01
2.173552822958564334e+01
2.176140734323557879e+01
-5.532783673088381704e-02
2.181839884917254224e+01
2.153260419188466912e+01
3.476240981883149672e-01
2.185956643602017024e+01
2.158678989206997656e+01
2.164182916401386336e+01
2.156708991112095930e+01
2.146931671889150550e+01
2.173977077974065963e+01
2.171936100688053273e+01
-5.076405760475802831e-01
-4.569263668394910605e-01
2.197604198235445949e+01
2.187977554750678166e+01
2.225603304232206980e+01
2.154204470631855273e+01
2.202094085088131692e+01
2.150653704074142425e+01
2.183179682590787962e+01
-4.298799292726261934e-01
2.176552540533081626e+01
2.168953030479411481e+01
2.222379313416276858e+01
-4.407924852116399395e-01
2.211227975764837339e+01
2.178788069590036258e+01
2.198823138337321126e+01
2.184649555637797391e+01
2.138330701932794398e+01
2.195088417676681303e+01
2.160329346477827528e+01
2.159704369466230389e+01
2.160176051167084310e+01
2.162473097261204202e+01
2.160156982100135892e+01
2.182770985601597857e+01
2.194721821528170835e+01
2.151516409653785544e+01
2.158870168373906395e+01
2.140789381235888555e+01
2.209403466672701200e+01
5.790229474663377562e-02
2.187866455573300328e+01
2.137705496841832797e+01
2.154978440354737401e+01
3.807614593312780293e-02
2.153292193978325386e+01
2.183170484645946985e+01
2.169864731388243229e+01
2.156646746752224075e+01
2.170391775350554653e+01
-4.607128793602348615e-01
2.167720506614464782e+01
2.199344335266575357e+01
2.194107039920440982e+01
2.191952753076402516e+01
2.190288692791018121e+01
2.144276635913906759e+01
2.146947801497471886e+01
2.170664196475510010e+01
2.138927364613838478e+01
2.153552763840418294e+01
2.150665960836175827e+01
2.153318819534062101e+01
2.186340246306160395e+01
-4.514128775129547799e-01
2.136802035278599732e+01
2.170760575758991706e+01
2.939222764542611666e-01
2.180345378589562699e+01
2.157521865038220810e+01
2.172501204901132965e+01
-1.907373583237211845e-01
2.185234076220342558e+01
2.163223214599868882e+01
-7.947641782313485947e-01
2.181763430598235587e+01
2.198907321146920779e+01
2.150743836535731646e+01
2.155417659310948864e+01
6.360241868127486375e-01
3.148708271854177010e-01
2.174126385251719640e+01
-4.908127234501122316e-01
-4.396991101755828302e-01
2.209787290775928881e+01
2.178710838843849018e+01
2.189896250775635878e-01
2.171718042181545272e+01
2.155396418506919431e+01
-2.665316347999240332e-01
2.901084121741335231e-01
2.173175493977389650e+01
2.171980323648373457e+01
2.173781573231225650e+01
2.211527293534355820e+01
-6.234494043749225778e-01
3.718336487112339217e-02
2.150153295288362187e+01
2.212300101893897164e+01
2.185820960132267743e+01
2.160430229255183221e+01
-2.343252209980327683e-01
2.230872601544918155e+01
2.138981976906672955e+01
2.167696039371837813e+01
2.167066368290550216e+01
2.194628680298673640e-01
2.200685764781286480e+01
-8.024541798858201291e-01
2.174916670660602236e+01
2.191086140555841055e+01
2.148464976827285611e+01
2.090105627042522229e-01
2.181702288066188800e+01
2.200874293734963416e+01
2.181026437454011813e+01
2.196881306724788274e+01
2.159874098674506726e+01
-1.662634273056944334e-01
4.192162476894067957e-02
2.152029016210592260e+01
5.312262050798209900e-01
2.157101277035059184e+01
-1.735480210810109725e-01
2.143767633874845302e+01
2.156873427227056794e+01
-1.684722231293742656e-01
2.209663570179325376e+01
-6.464889402310532995e-01
2.160185344691265641e+01
2.191522466922147672e+01
2.135492621347107089e+01
2.156123132402898435e+01
-2.132099540992135056e-01
2.156908392707801170e+01
-4.013553821085648066e-01
6.056820252993672105e-01
2.167211167029637764e+01
2.166010201152916181e+01
2.209964192712244468e+01
2.184959420728350565e+01
2.176322634332784389e+01
2.189238659299876133e+01
2.172702139335644489e+01
2.154696100901341893e+01
2.178211726096146705e+01
2.190251364142028834e+01
-5.920757742683240288e-01
2.143501735543736686e+01
2.134944099727054478e+01
-7.324719780564002969e-01
2.196689555861710730e+01
2.156362419781994788e+01
2.164987332537427989e+01
2.157641532954146513e+01
8.958497975058865581e-02
2.170239917094779614e+01
2.213765952513950097e+01
2.129538410954138072e+01
2.188392748720934833e+01
2.222768365515005939e+01
-2.395061389408896790e-01
2.153307216980260463e+01
2.163302307383053602e+01
2.188260378697940567e+01
2.165927461560397305e+01
2.183875845008281402e+01
2.135154012876652985e+01
2.228877360823211973e+01
2.170574754403996565e+01
2.207078409981192380e+01
-5.448815973118907863e-01
2.141111064040754997e+01
2.146675130846332635e+01
-3.821502597761694542e-01
-2.575359222045590091e-01
2.256341439932672444e+01
2.231879177857409857e+01
2.205199174352404867e+01
2.158499622421301822e+01
2.206733752664597503e+01
2.195367723561121309e+01
-5.458784653677444254e-01
2.134809357251040041e+01
2.648203733360363632e-01
-2.543053569905413536e-01
-3.676257095535178099e-01
-6.767598548611064579e-01
-3.783176722637175970e-01
4.048136648440453511e-01
2.176324500379583071e+01
2.186495655462680432e+01
2.185520898981071625e+01
2.176045099298814733e+01
2.187496294589921320e+01
-4.878803983923727383e-01
2.161211977775812443e+01
2.156870988684137913e+01
2.172921489846324050e+01
2.145522361740607664e+01
-6.163923049119706121e-01
-1.657446409636075257e-01
2.169464695715491587e+01
-6.173682769104611445e-01
-4.433544998484511002e-01
-1.986994205489401866e-01
2.193649103041937920e+01
2.149395838210661580e+01
2.164733044098257153e+01
2.179406412529509396e+01
2.171615372175062575e+01
-2.741306789490330909e-01
2.155213048845231327e+01
1.741781043413703767e-01
2.164331195486995085e+01
2.138782474596221661e+01
2.136694535587783861e+01
3.753680029424354414e-01
2.202121393816987549e+01
-4.392962545514776940e-01
-1.170142289035287497e-01
2.184539766098200886e+01
-2.816594272970244228e-01
2.144601097250825461e+01
2.154666372033013744e+01
2.183448032859315546e+01
2.210797779380057193e+01
2.155460405053000983e+01
2.169011666946502004e+01
2.160675608615228072e+01
3.348432406813893758e-01
2.217275407211510796e+01
2.167292142680454248e+01
2.152475347487625257e+01
2.226623809499093909e+01
2.174870019757244322e+01
-6.102770647330391096e-02
1.013568624514626926e-01
-5.760442702493151490e-01
2.159417645883492654e+01
2.169906034440632325e+01
2.743497621036432577e-01
2.161181248136868405e+01
2.373140697978832758e-01
2.180693730499116967e+01
2.187065190698055162e+01
2.195846588697216362e+01
2.150944179666512923e+01
2.156937117988466923e+01
2.221524787031736636e+01
2.171552135143206641e+01
2.169218290666405835e+01
2.167701159693546842e+01
2.167252636664591492e+01
2.158446748203690646e+01
-3.819157985865595517e-01
-5.943848628690855396e-01
2.179023673323098009e+01
-4.993304279861263129e-01
2.177689728685324866e+01
-7.327555503468330400e-02
2.148877998277776058e+01
2.148087554993884396e+01
1.052251885326926928e-01
2.151688090165197309e+01
-6.921885555242013321e-01
-6.865043029128934382e-01
2.193658636609402635e+01
5.050337633267646398e-01
2.187660092901613496e+01
2.174395615294283246e+01
2.217123248340513086e+01
-2.333313620851965586e-01
2.453369857472051940e-01
2.199485228734802078e+01
-5.224153250457035380e-01
4.456426441137907313e-01
2.168309846270715724e+01
2.192911022406255128e+01
2.142565987622933221e+01
-4.746899922016541984e-01
2.213345860619500982e+01
2.240503262948883645e+01
2.209702142566624516e+01
2.177804702813504889e+01
-5.308850753554190671e-01
-3.493516700422214516e-01
2.193705475103744362e+01
2.186476141654658889e+01
2.170499753363753825e+01
2.184322724661165438e+01
-4.312692304179046587e-01
2.215431948035293175e+01
2.171874247112575418e+01
-2.640285824126211711e-01
2.125932353323732826e+01
2.195123326930895757e+01
2.184893527184472006e+01
2.159209490063614467e+01
2.176913642179066954e+01
2.146134099728782729e+01
-7.659035028140653845e-01
7.730207312410564136e-02
2.171581019632234799e+01
2.166734934828692616e+01
-5.648013806816706284e-01
7.431349745264258511e-01
2.223802285392221023e+01
-7.656783747979333254e-01
2.163823103474743093e+01
2.164499898828058733e+01
2.172928504800414018e+01
2.175461976296527311e+01
2.148005116416550209e+01
2.155678056230946993e+01
2.182201216836348578e+01
2.160635477489779888e+01
2.150469306349448928e+01
2.157761234488318891e+01
2.168981280290799418e+01
2.154584252269570754e+01
2.156595090060595865e+01
2.202673512915836085e+01
2.170704345414488401e+01
2.181146835938979578e+01
2.177365613529906341e+01
-7.642653261427305722e-01
2.263957022586518164e+01
2.211399373052356410e+01
2.169074967930908215e+01
2.208876356823234488e+01
2.186897042541529501e+01
2.155306715810440465e+01
2.148737775487697732e+01
-6.916254310121143778e-01
2.149156023238347046e+01
2.951976671289177068e-01
-2.279892403261376543e-01
2.206154406266174917e+01
2.173075221133825252e+01
2.159041170168066870e+01
2.154552965501081729e+01
2.159185235701269434e+01
2.353453428606273601e-01
2.173759062235506434e+01
-4.782309596566980403e-02
2.154020094010849107e+01
2.133846487959218763e+01
2.144419998269367156e+01
2.172165587674845710e+01
2.174604025798792861e+01
2.158865632898907094e+01
2.159517028920334170e+01
2.153171236605230021e+01
2.168633122616837738e+01
2.169424280398716931e+01
2.188117817593318293e+01
2.158487263663962352e+01
2.134169643941481098e+01
2.170103024496333077e+01
-6.124327546586265658e-01
2.192740039676948172e+01
2.157719674358270368e+01
2.200973289412176115e+01
-6.896496760924549774e-01
2.205377466339470161e+01
2.192564181254494216e+01
2.154667614043355783e+01
2.178914550617102464e+01
2.197633271688736656e+01
2.204238564691007696e+01
2.146405172060343958e+01
2.168214646330130435e+01
2.792274632104393417e-01
2.183283948930492002e+01
2.181737084485910216e+01
2.199521779628805973e+01
2.161406544428451681e+01
-6.730333221481916706e-01
2.136100041215610901e+01
3.977746251459191029e-02
2.161922658724624924e+01
-2.020583645914203474e-01
2.166375192953347195e+01
2.213896156050939723e+01
2.190902547127718947e+01
2.189183965878521931e+01
2.196999311982235170e+01
1.491116941902724813e-01
2.154741718474094725e+01
2.221285303386857990e+01
2.862708519029255605e-01
2.184565034268553774e+01
2.195063315265917581e+01
2.155387574336119982e+01
2.143679478059082655e+01
2.138937031506804587e+01
-5.372894397329930349e-01
2.189825508305706236e+01
2.194688571611855465e+01
2.184863086231974094e+01
2.166881287231988651e+01
2.168431348030284411e+01
2.152387388535981927e+01
2.167741414182157556e+01
2.153883421416452393e+01
2.159999715174485502e+01
5.683893087820657275e-01
2.143461943440051698e+01
2.140365140158615986e+01
2.142492162441309489e+01
2.180219887713038318e+01
2.144712104565175181e+01
1.276715936751486868e-01
2.156400355389637014e+01
2.139527676163627490e+01
-5.790974973765281586e-01
2.253032027571437368e+01
2.146303848091577038e+01
2.155976246433541021e+01
5.610122305196618697e-01
2.160768539100171282e+01
2.170866943272331540e+01
2.150091033563938225e+01
2.185247907331297057e+01
2.173198404351798985e+01
-2.154174300622785365e-01
2.171244496939302948e+01
2.184789446432445459e+01
-6.275534009309111649e-01
2.180740659396839121e+01
2.127565738236886261e+01
2.199783418185916162e+01
1.247913051141635865e-02
2.235952218512046841e+01
2.174220130477253576e+01
8.249454024430317167e-01
-4.085828086716538632e-01
-4.892583281559459429e-01
2.131671135798286087e+01
2.158344523747128108e+01
2.197296455955445182e+01
2.197009413512661524e+01
2.151363895640461266e+01
-6.146951698638261075e-01
-1.187299591646473473e-02
2.197650111037181730e+01
-1.056099808539936458e-01
2.165725316827779423e+01
-2.743305293656861377e-02
2.262124444755563246e+01
2.196854765199798365e+01
9.099062890572108264e-01
2.165434391561269223e+01
2.206237649307394832e+01
-3.446892896683967367e-01
2.175554924010804925e+01
-4.958075160346833155e-01
2.198101390256006482e+01
2.173857542122964048e+01
2.197739091077153972e+01
2.146298745140238395e+01
2.152512969538432586e+01
2.169300760885348822e+01
2.176354777393680706e+01
2.161628274754383128e+01
2.179268183772546408e+01
2.199592933827120333e+01
1.887235363076277261e-01
2.147826227137268873e+01
-3.232422004059123388e-01
2.143713584496231306e+01
-4.700361332348069743e-01
2.158105373676634642e+01
2.221674682331171624e+01
2.818914109676567969e-01
2.156422604565331724e+01
2.149766360994486902e+01
-3.943235380592369221e-01
2.176860963858070619e+01
2.152890926111504299e+01
2.173155422309597640e+01
3.867852633530504125e-01
-5.331572106353095197e-01
2.207981311927875367e+01
2.139099154599737673e+01
2.146782661843771223e+01
2.171350378688173777e+01
2.168381001932079499e+01
6.333076980624686714e-01
2.174911318044428654e+01
2.154124912922157620e+01
2.006866191055500792e-04
2.191643670273537481e+01
2.182906344395892262e+01
2.195259756506370508e+01
2.143325329533398715e+01
2.159517340976705313e+01
2.175121505999774385e+01
2.202666304653562435e+01
2.157609044962580214e+01
2.159320314220578396e+01
2.167832790116851527e+01
2.212320974773783178e+01
2.191174792130409443e+01
2.161505295406456639e+01
-1.271418416315821531e-01
2.158752432799087018e+01
2.172075338348109241e+01
6.654740340973783752e-01
-5.223372028176109794e-01
2.166115465503927595e+01
2.185082725011920601e+01
7.606574648403185979e-02
2.171316731283600632e+01
2.165077945552959804e+01
2.167001459431883958e+01
2.179634115610823741e+01
2.207620113606389722e+01
2.163435055590243650e+01
2.168193200556865463e+01
2.178942754568900853e+01
-6.803225566613292363e-01
2.134682764931791255e+01
2.202602134778972243e+01
2.159068341235266075e+01
2.227855774503373709e+01
-1.058549931018709644e-01
2.149171275281377547e+01
2.195312058827318680e+01
-4.675416060094012005e-01
2.141669347151137970e+01
2.328022265466576091e-01
2.163348158011672595e+01
2.174483346467674494e+01
2.146002075360378569e+01
2.197354534737419840e+01
1.602198203142565225e-01
2.209181116289126479e+01
2.151734017773950214e+01
-2.040296040554729906e-01
-1.172343954080935502e-01
-5.346206646198221613e-01
2.166576500020539697e+01
2.187455964736784253e+01
2.132754302926289469e+01
-3.653098285048749227e-01
8.118840333510823903e-02
2.183105883477637121e+01
-6.240480698480388444e-02
2.140377813094957915e+01
2.251528043970040471e+01
2.146847537629594527e+01
-2.325442275347692211e-01
2.188601041691139315e+01
2.245305111143413512e+01
2.194477763853088703e+01
2.208739253537520852e+01
2.209207881568345400e+01
2.174022468038934264e+01
8.180442875339588582e-03
2.184825544525033436e+01
2.205079314017763181e+01
2.148197585050750646e+01
2.175614246350457393e+01
2.133922278844764264e+01
2.149866177122210331e+01
2.153103790229944181e+01
2.132081401192782266e+01
2.150192365327443156e+01
2.168312100966885581e+01
-3.144898523268055968e-01
2.161701062349300528e+01
-1.418170858250694666e-01
2.137094006526802303e+01
2.178163146169862685e+01
2.145014004490336035e+01
2.145976297282990686e+01
2.194691211171609169e+01
2.153153969077846597e+01
2.148617213760297417e+01
2.006777940162310925e-01
-6.580519537568179089e-01
-6.361629080760554666e-01
2.159140936649743026e+01
2.177870759038928483e+01
-4.997945743520514905e-01
-1.855647213635464032e-01
2.140277112720057673e+01
-2.915724527943895916e-01
2.233865136349793801e+01
-4.385034307460322633e-01
2.156400514300135640e+01
2.166855705546273114e+01
-3.245292514684225971e-01
-7.034990174116753092e-01
2.156872945837163158e+01
-5.058921732471861610e-01
-6.844440077960634028e-01
2.215105915071265485e+01
2.144282603963253564e+01
2.142213562271421168e+01
2.877695775691250235e-01
2.219053963511035477e+01
-5.142024587609955733e-01
2.187272965532711311e+01
6.492064382596367533e-01
2.176415318182748493e+01
2.181326768751166156e+01
-1.878795845420893063e-01
2.161137093616159888e+01
1.957272318547665924e-01
1.617744581209777932e-01
2.167956286099642682e+01
2.206559958190614523e+01
2.149645910811350902e+01
-6.163775765625597591e-01
2.174234394307006113e+01
2.155623525610927160e+01
2.202317994210812557e+01
2.739473785975004017e-01
7.778443674206481084e-02
2.203075773619641708e+01
2.166709521872134303e+01
2.174793466843298972e+01
2.270214305176371994e+01
2.185865055769789933e+01
2.143476215001553697e+01
2.264639051678835102e+01
2.217837409176383190e+01
2.157624633897248145e+01
-3.814697685712629127e-01
2.156315297111012796e+01
2.159611791615689924e+01
2.161637106363865968e+01
2.205771167399347377e+01
2.186689994407159077e+01
7.033255737254839879e-02
2.143072955159786375e+01
6.026437430627673564e-02
-1.471236542412194259e-01
2.236767321987077395e+01
2.193213105956938591e+01
1.532796618887352080e-01
2.170819974440324174e+01
2.188803377004905215e+01
-7.429715082947356830e-01
6.760644338485999327e-03
2.151129766525433240e+01
2.169660846737180293e+01
2.201497514662752408e+01
2.154594328760312649e+01
-7.222458566660264756e-01
2.141711337358252365e+01
2.216974309763825346e+01
2.208257280062262851e+01
2.137351059862579916e+01
2.197118485442173608e+01
2.224986641347128824e+01
-6.466465450986078611e-01
7.272241527117428994e-02
2.178696037405471841e+01
2.181469764676241496e+01
2.143450709955764211e+01
2.219374751348046004e+01
-4.871331219994845529e-02
2.136864584421605073e+01
2.151687058582269074e+01
2.533985218915029147e-01
2.156313843537414954e+01
2.153059328333002043e+01
2.166517363821770203e+01
-2.625132483252704541e-01
2.149065493869308341e+01
2.149172702686608361e+01
4.161373255774812874e-01
-1.832488324882728392e-01
2.141500486859217034e+01
2.202196605134263407e+01
2.136120950554903430e+01
2.143859289852003513e+01
2.204930083043888089e+01
-3.658077493458561369e-01
2.142787005842097514e+01
2.147494162730409073e+01
2.175988172660239073e+01
2.200092352415606811e+01
2.141989017494675807e+01
2.152535239600425143e+01
-5.363787263724846266e-01
2.242382875889135363e+01
2.167174959592173522e+01
2.154405600103351404e+01
2.156765693648509341e+01
2.169772205048058566e+01
-6.949462476880029493e-01
-6.996518411550673999e-01
2.154003471705513562e+01
2.172765340762919450e+01
2.167118805355589828e+01
2.186732470972809494e+01
2.150596300018775509e+01
2.146852705588569421e+01
2.191022238640316999e+01
2.166180969397981926e+01
2.196439325777886964e+01
2.153440535027536384e+01
-7.096800190813656872e-01
2.184093502972925904e+01
2.211418427616135318e+01
2.158089624705013065e+01
-4.596636552138350096e-01
1.217059019234177919e-01
4.260694550035742934e-01
2.189358641743124778e+01
3.499994996088851007e-02
2.167328000066891747e+01
2.159102235357493171e+01
2.154445871532594481e+01
2.157699451747314967e+01
2.164298001747215849e+01
2.169355235222197109e+01
-7.409640009506663905e-01
-5.504337672704442408e-01
2.147741755905759931e+01
2.167171290325525135e+01
2.175413228641763652e+01
2.145061547913561739e+01
2.196298785796653519e+01
2.955526843880642573e-01
2.158052618234583875e+01
2.191072865204906961e+01
-2.014617664817310860e-01
2.187853027955767615e+01
2.183471366936422697e+01
-2.320034297005887369e-01
2.189559190580260051e+01
2.151649825044165709e+01
2.155599044768020889e+01
2.154358263480450830e+01
2.192665532869407130e+01
-4.831252758364246724e-01
2.183009320663551378e+01
-2.181670271481520595e-01
2.181551900239175978e+01
2.138993163666423314e+01
2.193663125601876374e+01
-8.690113900511398093e-02
2.130342667814609925e+01
2.175795903794606545e+01
2.153759576585836300e+01
2.193342124736965459e+01
2.193886118015991471e+01
-1.379491560302459341e-01
2.233277420547691605e+01
-3.492308189007963248e-01
-1.716170186419817556e-01
2.180298228350482859e+01
2.144366222045647419e+01
2.156132973284778132e+01
2.132320057600611918e+01
2.149778978039622146e+01
2.148972420721368337e+01
-7.261763678353961859e-01
2.213308298519074313e+01
2.179171988775608426e+01
4.409204033481861629e-01
2.165728628575106285e+01
2.169573174331288712e+01
2.155346756514018480e+01
3.218282660237814508e-02
2.147433968743980159e+01
2.213811557333192681e+01
2.145116027268432290e+01
2.221706047445881538e+01
2.177482061759707221e+01
2.166576055845249371e+01
-3.200846313802526710e-01
2.212728763396546228e+01
2.174916405119168061e+01
2.155172687055081582e+01
2.155930100484103207e+01
2.175810847884324062e+01
2.145724126223670680e+01
2.247269840656974793e+01
2.173725795189850984e+01
2.140839310169317855e+01
2.210899406649425458e+01
2.134934082728216964e+01
2.173083870879701607e+01
2.171315945929001145e+01
2.600004059925866695e-01
-6.233696586848785914e-01
2.231216116857821774e+01
2.170547373687103487e+01
2.225352526102576789e+01
2.177511524668406651e+01
2.149671388087866575e+01
2.229884528005553435e+01
2.184610939889522285e+01
-6.815949837219740237e-01
2.137399743695188548e+01
2.168007874537526192e+01
2.160917084260190535e+01
2.146731104650800859e+01
-9.549275434626824932e-02
2.192556769271323702e+01
2.150930204319874761e+01
-2.894140845931866268e-01
2.161924513979183615e+01
2.150677840921617445e+01
2.152299489370891550e+01
2.204932471723242315e+01
7.853106355824746032e-02
2.232278146989146350e+01
-3.812746495631893495e-01
-1.072967830798343680e-02
3.469065627552427866e-01
2.150892823771917151e+01
2.208897804973066670e+01
2.167102601233312953e+01
2.175245876393098499e+01
2.164277077974838548e+01
2.193227786390263390e+01
2.174896789118336571e+01
-5.754147126736347539e-01
2.143077420295264446e+01
2.162134608524749879e+01
1.076894176062008768e-01
2.141003151902485513e+01
2.193580656237197957e+01
2.173680493241033673e+01
2.180143503232575952e+01
2.173641334046812545e+01
2.217661165152427216e+01
2.145029733425565510e+01
2.164646259380889504e+01
2.203660721993049876e+01
2.152442912466891300e+01
2.188471105731265354e+01
2.189828156102279166e+01
2.219240949787526063e+01
-4.887477715375727061e-01
2.137275431275938686e+01
2.185744337357848721e+01
-6.329904820550855682e-01
2.154747629669046205e+01
5.832026554606881685e-01
2.242484410266623129e+01
2.138879958483952848e+01
2.154245197863864547e+01
-2.483658473865720806e-01
4.520948888970000024e-02
-1.911885362046714665e-01
2.174620194003423990e+01
-6.708825985491941868e-01
-1.492324881063556985e-01
-4.443726717734075571e-03
2.210978912132751972e+01
1.182555832859570888e-01
2.171404362624181061e+01
2.171154643210672219e+01
2.214732028375079764e+01
2.151882015457121966e+01
2.253170199944410967e+01
-4.218419260703086815e-01
2.141572587672975203e+01
-8.476948518938336452e-01
2.179485834591119442e+01
2.191256164485750801e+01
2.189838538168725890e+01
2.177410728737565648e+01
-1.994833206256467761e-01
-3.134189271120960685e-01
2.142964937686655347e+01
-4.242466626145300346e-01
2.188304635812446364e+01
2.229098647510468112e+01
3.369374769958466409e-03
2.156583524049334954e+01
2.172538862428294948e+01
2.175497952039523142e+01
2.164136525125116961e+01
2.162669078910783682e+01
2.156107238360301182e+01
-4.424253338258404833e-01
-3.009177365472919252e-01
2.229455567798493476e+01
2.147314544170832207e+01
2.180748543605270839e+01
-2.413553672760637703e-01
-3.262878805732891685e-01
-3.850725429682990697e-01
2.126528762349906998e+01
2.151768690989165123e+01
2.184408544605674507e+01
-5.915024538252515729e-01
2.182192067247185108e+01
1.635253034673378458e-03
-3.395222535281740006e-01
2.196263055291912636e+01
2.185845625306755124e+01
2.151394680408989402e+01
-5.522919246870403587e-01
2.150661291889433357e+01
2.196371631983142692e+01
2.194307713357435929e+01
-1.254509437678568151e-01
2.177115639040684059e+01
2.184622258284841223e+01
-4.232802724281942153e-01
2.143949055132739190e+01
2.164995758498769263e+01
2.145784093045547536e+01
2.192285381072584016e+01
2.150298130002069996e+01
2.149296863622950937e+01
2.191961821274222899e+01
-4.561447368556525994e-01
2.233186327874808441e+01
2.147756595622923115e+01
3.128537538668511031e-01
2.150591079640049585e+01
2.183212541121361738e+01
2.246301919286844040e+01
2.167465839220067991e+01
2.189486486382751096e+01
2.164746372685119269e+01
2.603624791642948910e-01
4.572088029884529004e-01
2.185354143706139496e+01
2.200902140245990779e+01
2.121212953932561929e-01
2.157967180609424673e+01
-2.890682869114414855e-01
-2.863934488282825486e-01
-1.959020979393708561e-01
2.158605727843360711e+01
2.201490303032136708e+01
-1.594934085174390948e-01
2.209140046380370848e+01
2.197824904391446310e+01
2.186434141803385245e+01
2.144173649698927875e+01
-4.041559528037967919e-01
2.152890759987890945e+01
-4.126458655318530067e-01
2.945168254563970134e-01
2.156750445599720223e+01
2.146330713701702919e+01
2.222689001578089574e+01
2.188482199820446539e+01
2.167314661062463088e+01
2.164567605459347632e+01
2.150849735823905817e+01
2.153909708335833884e+01
2.153094005943182765e+01
2.204428613701436745e+01
-4.169578418320185609e-01
-4.185727186183463289e-01
2.196329274592898528e+01
2.151502810913897434e+01
2.138677158590071059e+01
2.161451574863015779e+01
-6.071886858639281570e-01
2.146977980518596496e+01
2.147255578776118057e+01
2.214483416113933600e+01
8.926759520387975710e-01
4.791941989601800067e-01
2.167153177850895673e+01
2.152174735586947207e+01
2.190787090638431422e+01
2.168407622682426350e+01
-5.590298678604749272e-01
2.166905530605316699e+01
-5.561260475743340370e-01
2.136917265419674195e+01
-2.773415718512040051e-01
-3.301265423434240898e-01
-5.774379423197455452e-01
2.175787627036412886e+01
-5.881068517511109928e-01
2.147637715566692407e+01
2.187409380613024368e+01
-7.213897494210560479e-01
2.203787867943497858e+01
2.176901088330039968e+01
2.162570437247672572e+01
-2.816907094156487767e-01
-4.465820466551977397e-01
2.221791105931794519e+01
-1.781960280216815518e-01
3.148825208558094779e-01
2.173291393736833754e+01
2.437556555362995203e-01
5.409484755078334262e-01
2.214799143560952999e+01
2.173333494441438773e+01
2.159275773994862035e+01
2.130329771156726082e+01
2.181865497083329331e+01
3.669102769573252543e-01
2.168493080048179422e+01
2.167503269102885710e+01
2.142668732973262991e+01
2.208180280739496126e+01
-3.982497248115904886e-01
2.152630685679599409e+01
2.191719667071008715e+01
2.167454522059957256e+01
-4.341729641500502446e-02
2.202229606027152542e+01
-5.941045321033264770e-01
2.184926518187660704e+01
2.187508037313024190e+01
-3.884259195518182661e-01
2.171969305025200470e+01
2.173278334734413875e+01
2.174682648422629683e+01
2.190597230022027730e+01
2.185609179285551562e+01
2.205967244620198286e+01
7.550728748903211551e-01
2.151921921213256539e+01
2.182362004455519511e+01
2.178286594714738200e+01
-1.876758401578382252e-02
2.168247000223406928e+01
-5.373664986842452418e-01
2.667258017560021344e-01
2.141064393697501345e+01
2.163720620373231185e+01
2.178714446879331801e-01
2.149041351785120924e+01
-6.629471907548311060e-01
5.264199685024764097e-01
2.197522349362111171e+01
2.173889182146659849e+01
-5.399496609088860755e-02
-1.498455898901591699e-01
2.209172113914496904e+01
2.175815330388234869e+01
2.160087698544264256e+01
2.156587025760460463e+01
2.155905098793723340e+01
-6.333111186068872689e-01
2.234695361064132912e-01
2.178095026250433008e+01
-3.607767989156438482e-01
2.179036087269536281e+01
2.191980762001924532e+01
2.206200392911346242e+01
2.189848166382649808e+01
2.166307849499383309e+01
2.201919102729652877e+01
2.191629377027753023e+01
2.153570915495863147e+01
2.234933624220114012e+01
2.184002416469425967e+01
2.187306624177667658e+01
2.186534869821553784e+01
2.165875682602747077e+01
2.164003639432482018e+01
2.433321145750642067e-01
-4.759021685630622223e-01
2.153869789489724695e+01
2.160451373437484790e+01
2.186060752208279823e+01
2.158302279928483358e+01
2.143663378579680767e+01
2.155220709696649806e+01
2.138083004843337065e+01
2.156490072314386808e+01
2.171437036777839324e+01
2.130806535748493502e+01
-3.016381264883383206e-02
-7.736617459608894354e-01
2.188619091915142789e+01
2.182356619962632749e+01
2.154923303899984077e+01
2.228894568609462112e+01
2.178212114899412200e+01
2.164893135422614279e+01
2.175407668614550616e+01
-7.003613046314434154e-01
-6.209264695405489753e-01
2.186861699546951598e+01
2.649852940639323418e-01
-1.217384979599713812e-01
-4.501384342892171819e-01
1.248237448434598162e-01
2.148249894807858951e+01
2.145248127805623639e+01
2.218154503467105698e+01
2.153649000570162997e+01
-4.402092108200732490e-01
2.167286054676761253e+01
-1.788497581008602344e-01
2.164472904707105272e+01
2.198837828286126594e+01
5.953746929335190785e-01
2.211678468032926759e+01
2.224256643982937121e+01
3.974147078101051278e-01
2.164939126430486738e+01
2.202109928262620997e+01
2.520315981898091362e-02
-4.904513705492330455e-02
2.238249529715359643e+01
2.175805863872878732e+01
2.227211545421185335e+01
-5.467427708943564113e-01
2.177474183675393604e+01
1.405627318987645591e-02
2.168898692425331731e+01
2.197808218068668751e+01
2.180990158557305847e+01
-3.544074001119345008e-01
2.150326837414181114e+01
2.145823771723481599e+01
2.187314745219899237e+01
2.160551535019541802e+01
2.170438223414164725e+01
2.144376076753938065e+01
2.157357984038577214e+01
2.250519467671807305e+01
-3.501960268746551197e-02
2.181638918834653040e+01
2.161143359782808560e+01
-2.679452032406914874e-01
3.415320432611113066e-02
2.197797818546060356e+01
6.132366787271532615e-01
2.144029561250497196e+01
2.196097862489027719e+01
2.214940660041699871e+01
2.196465109655890302e+01
2.162065124877715405e+01
2.223310255288113879e+01
2.152404967386933876e+01
7.914775318924968106e-01
-5.206324388643852608e-01
3.291772717149502592e-01
2.183599936961065424e+01
-2.773822429779860821e-01
2.169504715099468228e+01
2.179708584770823521e+01
2.151059459662547724e+01
2.164177728203640072e+01
2.278446578668570766e+01
-6.037735561749268953e-01
-5.427961593194163825e-02
2.160658138883787416e+01
2.145108891665109851e+01
2.141720036821762108e+01
-5.181884927022770704e-01
2.150243663350821421e+01
2.496888346793244562e-01
8.166505970361759292e-02
2.137808117236699701e+01
-7.097700261080464035e-02
-5.347141259119911894e-01
2.176088223924378084e+01
2.204804441777232071e+01
2.164180104348309186e+01
2.191036626598667425e+01
2.168312013018435636e+01
-5.151034601428896575e-01
2.161415328402157598e+01
2.134227033435585597e+01
2.174931991409507148e+01
2.148003113210532433e+01
2.178545493566831581e+01
-5.266755086478425163e-01
-2.420164382640921374e-03
4.747651851611841556e-01
2.165785654809876704e+01
2.189248377778735488e+01
2.161286739652938849e+01
1.688016789218427238e-01
2.182152819447049197e+01
2.193065028963452079e+01
-5.449285180674866558e-01
2.165877830052946251e+01
2.201003669127430484e+01
2.227008590684290112e+01
2.168985922296007729e+01
2.204745685949052714e+01
2.162115183702171350e+01
2.170215785810765396e+01
2.190065479185131281e+01
2.143133727791672527e+01
2.162403374430219571e+01
2.144969067558198006e+01
8.066121695348351661e-01
2.200757463303562034e+01
-6.036986221189899471e-01
2.158636990940079770e+01
-1.931633754006071291e-01
1.384677101888652784e-01
2.167408085728875378e+01
-3.236937655169124239e-01
2.161652018163302102e+01
2.178886488871215477e+01
2.142882024992944068e+01
2.200241656210373264e+01
2.183480182246740142e+01
2.193769710591955402e+01
2.177986482983539318e+01
-4.594955273162430465e-01
-1.472702409063053608e-01
2.144221334353596120e+01
2.156682909348170796e+01
-4.665388809006019155e-01
-4.735773382155568090e-01
2.176180107295946797e+01
2.153967290498205500e+01
2.165556838032347287e+01
2.980853510818713969e-01
2.155799332564371795e+01
2.186866822833673396e+01
2.152039879501526087e+01
-2.686030529339508144e-01
2.173137073648277351e+01
2.213009788966652280e+01
2.244349496036022984e+01
2.171679847935416419e+01
-5.508443091112286139e-01
2.256356933834039324e+01
2.152419822112015879e+01
2.205540332692330807e+01
2.149968407141372140e+01
2.141364315417089514e+01
-2.030930219412288018e-01
2.451821965844924733e-01
2.204890272219907033e+01
1.863458617545564744e-01
-6.678329603432388017e-01
2.211529284155604103e+01
2.170853488382000407e+01
2.197877369860744423e+01
-3.115679915376344811e-01
5.011491755554253746e-02
2.175255648393691743e+01
2.214388515465999419e+01
2.180031212353219061e+01
2.184474325906951009e+01
-2.092283501968508208e-01
-5.458639032058489882e-01
2.241447941564871726e+01
2.174482486374277812e+01
2.152272398825776634e+01
2.170783999365343320e+01
-3.755964524757409162e-01
2.162865450951846569e+01
2.235326733109029007e+01
2.186306295565503532e+01
-2.997851990686146717e-01
2.199548555478798306e+01
2.155176248546871420e+01
-4.122368724632430315e-01
2.192383309304545591e+01
2.185043380496405874e+01
2.143099982470843656e+01
2.166567372382496615e+01
2.182362538497810789e+01
2.194091826097099229e+01
2.159835460693533093e+01
2.155677685132533483e+01
-2.800995404325767879e-03
2.194617737858563800e+01
2.155988516370281971e+01
-2.060297567882531933e-01
2.142237190855913909e+01
-2.394249658097181710e-01
2.169464229001540900e+01
2.153454755573624624e+01
2.151729614409811830e+01
2.154102761614415229e+01
2.207033395614704796e-01
2.164120995307974482e+01
2.182154414170590329e+01
2.187724460273748406e+01
2.165342347459310446e+01
-3.038467733228755741e-02
2.173081848077789857e+01
-3.994244154346356934e-01
2.138681641239623588e+01
2.152105347035180216e+01
2.165765378553054532e+01
6.112577951850521885e-01
2.141044326678508725e+01
-4.409059551608567329e-01
-3.516778637184533318e-01
2.183993994524237081e+01
2.189020145532504813e+01
2.150327891666017877e+01
2.152949742645588316e+01
1.264389502981804192e-01
-7.284774428738682861e-01
2.176876070627695725e+01
-3.984408566986481492e-01
2.166472944428835490e+01
-5.231506066159981039e-01
2.161190223478957151e+01
-1.299795404699413126e-01
2.214043084877474143e+01
2.169389984680695349e+01
2.166653314533656527e+01
2.208166940535496892e+01
2.149415292363835661e+01
2.204101077909542283e+01
2.182917055887953595e+01
2.214178578267398478e+01
-8.456017903013144377e-01
7.910223286601192338e-02
2.169559497507402313e+01
-6.328200549681561871e-01
2.176085311107906151e+01
-1.047301477187319474e+00
3.267479065296818308e-01
2.179850392826727301e+01
2.158104807635444899e+01
2.341640448696858945e-01
-6.183126531281168958e-03
-7.376564025822234250e-01
2.175922982658841320e+01
2.124248609231218410e+01
2.158455033413898505e+01
2.163427329519829811e+01
-7.584540817281335556e-01
2.223358692824612604e+01
2.159904485532202401e+01
2.687918244213722829e-01
2.152197072650126941e+01
2.183149311295907680e+01
-4.572305639614527850e-01
2.155862898656286930e+01
1.560424640560093001e-01
2.156151292832119282e+01
2.154910006931132216e+01
2.193975491301173264e+01
2.179627204517707995e+01
-4.233409943807209252e-01
1.092217775537922542e-01
2.158472263411914227e+01
2.150356923356702410e+01
2.169908564804481799e+01
-4.935299570427712501e-01
-4.686897981111590727e-01
-5.514235484341399873e-01
2.157254610332942590e+01
2.236572012554840327e+01
2.154091870460937841e+01
-6.749214069270870198e-03
2.186789692517040606e+01
2.161658101093001605e+01
2.162329027982338303e+01
2.171911580233504679e+01
2.289254968552596470e-01
2.169858787081020424e+01
2.184868078530261926e+01
2.145209836497937772e+01
2.144436243416828347e+01
-7.569380222159296512e-01
2.156168592136894802e+01
2.178548201749930513e+01
2.154589915573324888e+01
2.178692380420881136e+01
2.224478377632966186e+01
2.171460510451489512e+01
2.175730944531925459e+01
-4.770254643169152264e-01
-5.302166147295719334e-01
2.212867542926197473e+01
2.182056620336993902e+01
2.158935104283522222e+01
2.158445593218698733e+01
2.159787457441147396e+01
-1.005602773416238715e-01
2.158720903658958434e+01
2.198028493385165660e+01
2.162417618850890477e+01
2.182925011098115675e+01
2.198730331971126617e+01
2.126728316315458756e+01
2.176138780298682462e+01
-1.620477921019360945e-01
2.154924053135000861e+01
2.190037335519227568e+01
-2.119055215682627002e-01
2.153459145041366440e+01
2.143344061314784810e+01
-2.803702734523992879e-01
1.533529070511547854e-01
2.175909168971620034e+01
2.200387388337004779e+01
2.618466991035699465e-01
2.222802121346773419e+01
2.196788500427600965e+01
2.185988257838850757e+01
2.169433919790800047e+01
2.136364045801423828e+01
2.161296516999475159e+01
2.167034918843021174e+01
2.169481689687728831e+01
2.142718100356673006e+01
2.185972884616588630e+01
2.176664327635189977e+01
2.182716674361939013e+01
-1.550920027894713282e-01
2.170448134609943125e+01
2.187284768089183373e+01
2.172862264418866474e+01
2.159857638629720356e+01
2.236386539370714743e+01
2.175628258006135951e+01
8.281658699875259488e-01
-1.739727011886986752e-01
-3.102547008923235428e-01
2.170209536704615516e+01
2.184059442562828579e+01
-8.050842963526566587e-01
6.912995661319514262e-01
-3.524288612908632601e-01
2.199743845304671908e+01
2.180420878851044009e+01
-3.224766100324849560e-02
2.152070373124062641e+01
2.151542701206341235e+01
3.138194616569589535e-02
2.169875939134673359e+01
2.194529496477864683e+01
2.149946921478406736e+01
2.173052018755595327e+01
2.169054484238074920e+01
2.178438199629924199e+01
2.170645264287696818e+01
3.032400024264192417e-02
2.144055346241820814e+01
2.163711984287808576e+01
-3.400861318990177073e-01
2.166180451028231602e+01
2.199327307397579645e+01
2.187656615995981824e+01
2.159388690924651399e+01
2.149575132819313694e+01
2.166316467945187441e+01
2.174800781999633514e+01
2.165269950350611694e+01
-2.694269147102063000e-01
2.141208329995786031e+01
2.142148980353869447e+01
2.177023644905009547e+01
2.172331310548607064e+01
2.148300958232055535e+01
6.689751455307035855e-03
2.165222157730344321e+01
-9.662380747591114982e-02
2.173986543707829711e+01
2.148841376796312730e+01
2.193742338370484646e+01
2.135237548296415611e+01
2.150199910583815566e+01
2.181061846698342421e+01
5.742332880218592450e-02
2.142259199253271262e+01
2.152397834172685620e+01
2.226076162874420561e+01
2.189311450273357451e+01
2.178635854195452382e+01
2.155273697337691274e+01
2.149261886542985778e+01
2.196322897210527714e+01
2.171642391284356677e+01
2.158256923024613627e+01
2.183564977746599922e+01
2.141956485696482559e+01
2.176424442066134546e+01
2.183247261238478387e+01
2.159037665603874245e+01
2.145717315230166378e+01
2.141281478663955440e+01
2.190944906857829366e+01
2.219610058568015987e+01
2.176353557190961041e+01
2.164227215319660758e+01
2.162185650463294806e+01
2.156540694421298099e+01
-2.609957000772669122e-01
-6.626411009644330719e-01
2.194016866220820106e+01
2.177562440747214723e+01
2.185019985746011173e+01
-5.226201881564562779e-02
2.173386970110686889e+01
2.179584696765478924e+01
8.797942285422455377e-02
2.160133687343568454e+01
2.150705324068307078e+01
-3.123659151472569784e-01
2.182864707142729088e+01
2.186134074499621960e+01
2.190476281141555148e+01
2.174488619621060792e+01
2.174622328683190986e+01
2.198813313503189093e+01
2.143032590795406023e+01
2.151644746918918827e+01
2.196435273496780027e+01
-4.010252021768202502e-01
2.221432706390537604e+01
2.188444696986404381e+01
-4.716322726255434139e-01
-3.777773803947830356e-01
-5.091902860184511770e-01
2.270198362327726826e+01
2.148937358108625517e+01
2.189211469694417644e+01
2.151506648751449902e+01
-2.212512793755574414e-01
-3.511254586836031200e-01
2.213903448535760532e+01
7.062256637949637650e-02
2.172987832475674708e+01
2.154125382926235233e+01
1.161933324769895970e-01
2.136761007111349997e+01
-1.903809620737827446e-01
2.193452652056810237e+01
2.403961770466181980e-01
2.166151813771868007e+01
2.152003288468544184e+01
2.179164905234639704e+01
2.173974637063336957e+01
2.181565134536196027e+01
2.192856438235989458e+01
2.152723770210439369e+01
-7.263338945688313508e-03
-6.460905237987975003e-01
4.348709654415445769e-01
2.175777366718920192e+01
2.181617321382138996e+01
2.165474491633062826e+01
2.159799971412358488e+01
-5.388425738671056564e-01
2.175952000583547274e+01
-2.744123273379226458e-01
2.177536171104487295e+01
-5.126538241978367827e-01
-2.761971592008950482e-01
2.185982976784405452e+01
2.165879148769014506e+01
2.185239173819226721e+01
2.207367317084819547e+01
2.148808137142334118e+01
2.191706018632437036e+01
-6.705262895116999022e-01
2.161455302885369179e+01
2.161932160560724725e+01
-7.806329855751079627e-01
1.384831997101489964e-01
2.148119937373730082e+01
2.145296996708623638e+01
2.199678966360232124e+01
2.202152443732759579e+01
2.198032256350589364e+01
2.145539310092844332e+01
-4.849379170899400515e-01
2.142374763805808158e+01
-6.682751810230758149e-01
-1.983672849862602172e-01
-1.883000922583297765e-01
2.173122411288580125e+01
2.175174559422176301e+01
2.139380925893646435e+01
2.194004819255979655e+01
-3.945822401433026760e-01
2.217818885173092269e+01
2.152839696385283830e+01
2.162871210902357078e+01
-2.397822180138797776e-02
2.210361205619746627e+01
2.142647934965235024e+01
2.257922909996247229e-01
2.136764122458770387e+01
7.658342259930828178e-02
2.183016776228266309e+01
2.213938376924910045e+01
2.159197435304893986e+01
-3.641089102544663447e-01
2.173813287635305258e+01
-1.920623170524993206e-02
9.551776061595429468e-02
2.171076283635668602e+01
2.165899845792040779e+01
2.146617403587573136e+01
2.207456294033438837e+01
-4.677286180711877073e-01
2.144768422126109186e+01
-2.021363029155678337e-01
-4.878341344087150366e-01
2.166820015654736409e+01
1.309488020937588093e-02
2.171169628611103164e+01
2.215222782550532443e+01
-2.184071963992595400e-02
2.183415641903467730e+01
2.139073358021460436e+01
-4.067696654334063133e-01
2.151207667847994287e+01
-4.751946375792275301e-01
-4.633357569583912983e-01
2.149126560427962929e+01
1.615090777773851016e-01
-4.421488815275352868e-01
2.204059568379011225e+01
2.143920022176438067e+01
2.166651605437585815e+01
4.410405779959618577e-01
2.166331029375858108e+01
2.213181864651173569e+01
-3.790299085290351755e-01
-7.017719810015503601e-01
2.203932192411094348e+01
-4.681965984821505611e-01
2.150379694939459796e+01
2.160628358814043182e+01
2.163593040288040470e+01
1.420542751770158540e-01
2.180755540308370755e+01
8.523775478190809274e-02
-2.922077156962601396e-01
2.190695762911733269e+01
2.174962681925144992e+01
2.191879565318811274e+01
2.184554483072146169e+01
2.145393994315056929e+01
2.222935850106691902e+01
2.220499636840023783e+01
6.299837011009032928e-01
2.667370706104230660e-01
2.175938976884010501e+01
-5.797636711247438068e-01
-5.234664909672754884e-01
1.063341367679682126e-02
2.173197676412993928e+01
9.936113378459232592e-04
2.165107299486044212e+01
2.209274169882878169e+01
-7.436419843789082718e-01
2.152298352726084829e+01
2.207971536831930237e+01
2.140084832753137434e+01
2.153382377979182394e+01
2.218914183995003953e+01
2.150864941243034067e+01
2.144142172860132689e+01
-4.025633839569616734e-01
2.168707649693983086e+01
2.177956793050356765e+01
2.174217083759227265e+01
-6.381455282633008430e-01
-1.298865584572201914e-01
2.172891595848733459e+01
2.144128126570516102e+01
-6.413418366792509318e-01
2.163393568747063966e+01
2.167380189788666911e+01
1.420396589470286353e-01
2.161552918368120046e+01
-6.611100543494903281e-01
2.252053721088494953e+01
2.176235129456978257e+01
-2.161610670979410287e-01
2.145082846174152280e+01
2.183202293378772652e+01
2.167460553963615055e+01
2.182034903045035534e+01
2.199394323377303095e+01
2.155436017369097357e+01
2.161515602676340109e+01
2.218830040228619538e+01
2.156947143128598299e+01
-5.300186424714337097e-01
2.152934894857017056e+01
2.378044732018810281e-01
2.206836582839028793e+01
6.629561662611527240e-03
2.171854566925528829e+01
2.150775326803759668e+01
2.149072804895378042e+01
3.863604790364716379e-01
5.094340573295242924e-01
2.169625124478928413e+01
2.151274420297588463e+01
2.185661368828340656e+01
2.160695169015281181e+01
-1.145704397711831968e-01
2.250959132591581380e+01
2.153884880514481992e+01
2.161253363373926817e+01
-1.558047840694098962e-01
2.219652888075319197e+01
2.160500494112623571e+01
1.741159863836132526e-01
1.341261213707722888e-02
2.140291476336643939e+01
2.180875761749683051e+01
2.187027705779264863e+01
2.203045983401934649e+01
-2.400100486304981295e-01
2.201816765605289206e+01
2.201806514775593016e+01
2.188646801925435170e+01
2.155695846946544947e+01
2.159115987041386830e+01
2.174520671888057421e+01
2.164395501796493093e+01
-2.084602227184131351e-01
2.106143602329388909e-01
2.151927531212668043e+01
2.222080341768508305e+01
2.149835895894293003e+01
2.187416672454041588e+01
2.684523287690007143e-01
1.606527517976550357e-01
2.181580068142205064e+01
2.171080807397149215e+01
-3.569319677627609266e-01
2.271952182993857150e-01
2.160415284297003424e+01
2.146581183137026727e+01
2.161200951907866497e+01
-4.161360395958759728e-01
1.054803224859308663e+00
2.142416842243747510e+01
2.177266378357815668e+01
2.148387770697954835e+01
-1.372442243922191718e-01
2.153949805683148355e+01
2.152031862258338535e+01
-1.607937303133647466e-01
2.203500358516537361e+01
2.144020877548955184e+01
2.224243822204497789e+01
-2.824844316239731867e-01
2.164326434817572675e+01
4.184022827186583138e-01
2.199239870060975477e+01
-2.207041006521157644e-01
8.768026281617169460e-02
2.179120663511179856e+01
2.203980407533897790e+01
2.157205521147212934e+01
2.204638717171039630e+01
2.185357532158849025e+01
2.214331138762679529e+01
2.173148520118108706e+01
2.192856327938923400e+01
-4.648796073173560028e-01
-4.101898213812019689e-01
2.199734290042310292e+01
2.182528850028343115e+01
1.294950234175383796e-01
2.182839565092815093e+01
2.176705926477886521e+01
2.237737020160087553e+01
2.162611201210582479e+01
-2.505841267795823057e-01
2.149147533307857216e+01
2.173582050216460360e+01
-5.914853482726389888e-01
8.977062031393279184e-02
2.166515814617680746e+01
2.205676775517183685e+01
1.574079945847455253e-01
-6.248049952092215031e-01
2.916403084596314033e-01
3.211669608621429139e-01
2.162620031378430241e+01
2.181036799687861105e+01
2.186273042744557671e+01
-1.384991339828876011e-01
2.473726833947361703e-01
2.146695895695950895e+01
2.215453601311162402e+01
2.147420519270397321e+01
2.168704240832853003e+01
2.185206143310160343e+01
-6.079186326004630825e-01
2.146306552617700092e+01
2.164106288398609124e+01
2.157242994868806463e+01
-1.272436815396099652e-01
-1.803094039082557831e-01
2.170168641683623179e+01
2.173272127645645568e+01
2.143156168058970223e+01
2.193695312310012113e+01
2.159986287305267183e+01
2.213607670242109293e+01
2.197050077555681113e+01
2.200691123655663972e+01
6.348367881309342486e-01
2.204924298160000617e+01
2.177225127188343379e+01
-6.619735803420894182e-01
2.183747600319232873e+01
2.144916571564337460e+01
2.151622011083008701e+01
1.412205461843605292e-01
2.178379874929208171e+01
2.181724715694351246e+01
2.146830037404719604e+01
-2.480605349347219102e-01
6.650059980087263956e-01
2.154600008823264190e+01
2.158483971648604438e+01
2.178650810567319240e+01
2.165291112159216880e+01
2.195484662256291841e+01
3.470247203497232036e-01
2.259355718031299176e+01
2.185891324555884907e+01
2.160579806918173418e+01
2.141370429226583028e+01
2.166973820335119427e+01
2.182523698737248097e+01
3.290007303683373241e-02
-2.789687313809110503e-01
2.214079728780495415e+01
-2.070306230576879347e-01
2.191529530653192737e+01
2.156664073789342950e+01
2.194214315377241675e+01
4.964750806271577277e-01
2.138047748397147174e+01
2.178468015996223528e+01
2.179205715338115112e+01
2.155275874313222317e+01
2.132672660525792852e-01
2.217652332674939331e+01
2.178562014325205354e+01
-7.187327812061472532e-01
2.233040515490456812e+01
2.155620470510726250e+01
2.147122038365542451e+01
-3.637384713720319684e-01
2.191041723757062343e+01
2.198904951478035841e+01
2.129508768196093627e+01
2.137078991209112644e+01
2.193458010730646990e+01
2.199854724019401786e+01
9.155211322603928892e-02
2.161592789319383456e+01
-3.552750396179054082e-01
3.581152807830381146e-01
2.187202361910385306e+01
4.236842290281306322e-02
7.043243298169676869e-02
-8.928560383387029731e-02
2.163185412784667605e+01
2.199563809601347231e+01
-2.426355957276679076e-01
2.155724176626369015e+01
2.166704048469020449e+01
2.171185004255751494e+01
2.217482676083885096e+01
-7.073507857846098590e-01
2.229254902680321138e+01
2.180412696801968764e+01
2.149461782088516770e+01
2.215736161405719074e+01
2.138992820460321198e+01
-1.643081494994717007e-01
2.230986429450798880e+01
2.173955999040612852e+01
2.147735798029947674e+01
2.172670945698651934e+01
2.161568075423490853e+01
2.208065093605259577e+01
2.202732785446256614e+01
2.179815780644785761e+01
-3.287402392247450456e-01
-1.965472932957609276e-01
2.242519148651937044e+01
2.174575168938965675e+01
2.175586986553278024e+01
2.200650325406160235e+01
2.158514945278835384e+01
1.770303138685211941e-01
1.687239572357335238e-01
2.174561578608266998e+01
2.204899354613485940e+01
2.151827864336740248e+01
-1.107684109377556902e-01
-5.787178114138622487e-01
2.166491851225633170e+01
2.143588921454324137e+01
2.194610171334807802e+01
2.161745515482709123e+01
2.155814930415898090e+01
2.155220059708310387e+01
2.168959079335777318e+01
2.172926934769562735e+01
-1.058449587887327903e-01
2.155742175684144613e+01
2.135911343913019422e+01
-6.841577736416091238e-01
2.160172276186786178e+01
2.172813223130797411e+01
1.372828066329486729e-01
-6.160396744612690600e-01
2.167925281578403940e+01
2.201417320320584281e+01
2.135340770617739281e+01
2.168796015487454909e+01
-1.154151893238827276e-01
2.140357156041807940e+01
-4.097024766910963844e-01
2.179786911912388803e+01
2.145488216472601550e+01
-2.774979022479944213e-01
2.446795637902253739e-01
2.203071303156468019e+01
2.173595354976072613e+01
2.221110919448153709e+01
2.191736213692906787e+01
2.184947369786832994e+01
2.150304205959645643e+01
2.141135673748046386e+01
2.161256652745783313e+01
2.158022057607106348e+01
2.168659270028315689e+01
-2.902330968120021559e-01
2.175717813618435059e+01
2.168452460175227614e+01
1.960806546173932130e-01
2.182273971916071531e+01
2.124328738545340656e+01
2.149378644740342281e+01
2.158735586776437643e+01
-8.536995376007794345e-01
2.181455097651747010e+01
2.227996613262663850e-01
1.260949492611544986e-01
6.340537806917910801e-01
-3.612845403045821246e-01
2.135293832322945207e+01
2.202869658699061972e+01
2.203327391839183136e+01
2.220269566832013552e+01
2.144489878219109258e+01
2.196184203764026321e+01
-5.585956208617126606e-01
-3.598666659217187869e-01
-3.058045433710357974e-01
2.163433497888545176e+01
-4.545837851106946381e-01
-3.577425780783813902e-01
2.158238019309359501e+01
2.155492022693652387e+01
2.228471879537993416e+01
2.164899942971332791e+01
2.173976060934351651e+01
2.206352822772784350e+01
2.188500445944060857e+01
2.232627233611690798e+01
2.186197642159179111e+01
2.174930805262280131e+01
2.185569410880092533e+01
2.173951042631323816e+01
2.191348264294124704e+01
2.186617979825074087e+01
2.184016051093208688e+01
2.191699242760835631e+01
2.199540544145456167e+01
2.175350000623822311e+01
2.174517164994584562e+01
2.143070168133197484e+01
2.160019028446232170e+01
2.180604903432953989e+01
2.176517139945067925e+01
-1.983584082443120566e-01
2.158119815222508819e+01
-4.845438446441528435e-01
2.165818924111241017e+01
2.176197010416867528e+01
2.198288796709925208e+01
-1.385440045846740853e-01
2.148336874448503409e+01
2.167762345021410297e+01
2.162804457393382762e+01
2.179388111390554172e+01
2.150103282566128016e+01
2.198549832010867888e+01
2.206946461380709579e+01
2.157705944054517389e+01
2.220446564389690636e+01
-3.426977828450057384e-01
2.143634960589896465e+01
2.157414987232212766e+01
2.165394770377346845e+01
2.157706984081348978e+01
2.200224131178205766e+01
-4.355511316090683316e-01
2.252409190794801219e+01
2.162172485163366886e+01
-5.167120361744071966e-01
-3.844332010625354235e-01
2.183336122492303844e+01
2.191255456354922515e+01
2.166724600898804098e+01
2.160135639010436392e+01
2.180186771050620820e+01
2.203765541713077525e+01
2.167653838179482761e+01
2.152553046792615632e+01
2.155987090066178524e+01
2.170477025935044324e+01
2.133674409467173660e+01
-5.417601328531964633e-01
2.144315886119812475e+01
2.154372197638389608e+01
2.162493575521277833e+01
2.157568837704894804e+01
2.191537425126426442e+01
2.177576360464272653e+01
2.154662838820818749e+01
2.221192082568499515e+01
2.145533156036805877e+01
3.849062246740379001e-01
2.184011605635888387e+01
2.144966692176708634e+01
2.723837623967109156e-01
2.165049798539553905e+01
2.144103317080917392e+01
-2.382934103347339461e-01
2.161772358376271086e+01
2.163318543034022667e+01
2.173861831522402355e+01
2.146865495771557875e+01
2.143309544871424777e+01
2.161636065837581810e+01
-2.887713627523081916e-01
2.178315760157106240e+01
2.170147630466523481e+01
2.141459553991599307e+01
2.155381791634590272e+01
2.174442732379928955e+01
-6.907087226038075567e-01
2.185895420691411672e+01
-1.885688935667029220e-01
-3.568914578230589774e-01
2.184468018787357835e+01
2.231131003582229155e+01
2.200009392603746150e+01
2.200588817866838909e+01
-4.542383647692407322e-01
2.162227498203084863e+01
-5.171952088016205096e-01
2.143814292516051978e+01
2.157144249097843769e+01
2.170444016775846308e+01
2.146149031035882970e+01
2.145871302595049102e+01
2.223249347455279690e+01
2.174613921350795565e+01
6.158597765788176304e-02
2.164925270987729533e+01
2.149775282173425239e+01
2.180683690330758395e+01
2.146773598565461683e+01
2.144032200825259338e+01
2.200026160701007427e+01
-6.122159758186196399e-01
2.148064774627231088e+01
2.139750412303341420e+01
2.162246972354594021e+01
2.218684115439800308e+01
2.177817975661463024e+01
2.138605136505076132e+01
-3.045541092735728483e-01
-2.463089096646891019e-01
-3.952674550645705054e-01
2.152096729888974735e+01
-6.905946807088236827e-02
7.240529584918287132e-02
2.159978135426060675e+01
2.152858868165665740e+01
-5.101955282038690420e-01
2.145401046310588811e+01
2.178641747359919734e+01
5.235853413290659786e-01
2.156397682802037963e+01
2.178363273388713495e+01
2.143174621268261504e+01
2.165653937615208946e+01
2.205716942581799600e+01
-3.344535689478312923e-01
2.140192190812575390e+01
2.146337481533894476e+01
2.870013723597820698e-01
2.169863484203051840e+01
2.162797611222801564e+01
-2.703025964808969395e-02
-2.942623721174956186e-01
2.178521661128830544e+01
2.149611387418308794e+01
2.171598447022547163e+01
-2.721769518547975109e-01
2.140929343459369960e+01
1.614173855356617615e-01
2.149245861584370587e+01
2.173596823259672561e+01
-5.770874476763356853e-01
-7.468474372005445838e-01
2.175835315245131696e+01
7.571961131560450697e-01
2.168271260108470599e+01
2.162983101890102233e+01
2.151504564173770362e+01
-4.102165968050816014e-01
2.159061330149586055e+01
2.147285861600929024e+01
-2.436908335199698961e-01
2.140945645272725173e+01
2.199517039330674351e+01
2.188747656870745217e+01
2.207573817981369046e+01
2.174802557854836849e+01
2.163404821034156811e+01
2.149984184768630868e+01
2.142099394453811101e+01
2.186748144397857274e+01
2.210026914638146422e+01
2.201832266228986157e+01
2.212571309372472328e+01
2.194552067273914986e+01
-3.863168185174378211e-01
2.189440167751947541e+01
2.167193824683348780e+01
2.143132009589937326e+01
2.171796291432275794e+01
2.137664272392087383e+01
-6.789280309192599061e-01
-1.352228713978093078e-01
2.160785570323348637e+01
2.209271026580416830e+01
2.186745961842107278e+01
2.171696080749951108e+01
2.148693047184237770e+01
2.193523266155574092e+01
2.191679349840853419e+01
2.168164015486668106e+01
1.448139500897149823e-02
3.244580519745554614e-01
2.197072289849269566e+01
-6.831187656819814880e-01
9.514895155562697049e-03
2.181084172599560134e+01
2.236825850053199005e+01
2.157418061591603475e+01
2.188999145254030765e+01
2.179291695915523519e+01
-5.769204064823451050e-01
2.148637189626027677e+01
-7.125590738455944706e-01
-3.403541896586922411e-01
2.187981733736897993e+01
2.157871998900907684e+01
-7.447640600503593333e-01
2.178625086478072959e+01
2.203965863127780267e+01
2.183490935375301234e+01
2.179082165582390829e+01
-4.445819393016153809e-01
2.166826512591958576e+01
1.468676699946946940e-01
2.139057677263964763e+01
-4.994457697124257689e-01
2.414239559825587245e-01
8.238292860624896186e-02
-2.491271492702853418e-01
2.180400266099431761e+01
2.148721825783557193e+01
-5.235045821002106692e-01
7.512044901597367819e-01
-1.873709226008503093e-01
-7.514877784218232382e-02
2.159572056079428748e+01
2.153131919472318145e+01
2.224134753591798841e+01
4.439776824912722297e-01
2.159754955568614321e+01
2.161010015078939972e+01
2.165524975980093103e+01
5.367854694533436000e-02
1.024828152289036787e+00
2.145363527502750856e+01
6.794800140916633646e-01
2.178691170493300433e+01
2.145959401044579806e+01
2.181861362593605946e+01
2.202118559361991146e+01
2.165103793655913478e+01
2.237321620677453993e+01
2.061982144850375009e-01
-4.049071905818913963e-01
2.166233737233800483e+01
-3.614465994905392554e-01
2.149631115743050813e+01
2.173583560585373320e+01
-5.481791803807886110e-01
2.202917966650970527e+01
-6.956540630116133661e-01
2.149682537010900418e+01
2.200638633913028741e+01
-4.718678832596459038e-01
-2.677106800008764997e-01
2.226697134058016658e+01
2.212516298284981886e+01
-6.105742386907191399e-01
2.170933925577597634e+01
2.153418310862524976e+01
2.156862160527198213e+01
2.186433832111979569e+01
-4.532777410773707327e-01
2.184386939827361118e+01
2.142111583685601417e+01
2.162559758556070477e+01
2.153206379981203256e+01
2.154155046355617031e+01
2.189526143472894759e+01
2.164556152345037532e+01
-6.991530053362666752e-01
2.216947985677553845e+01
2.148027382822406040e+01
2.144446374692883239e+01
2.147721189939521125e+01
2.148662485643939846e+01
2.195991476679936838e+01
2.139377617309227730e+01
2.174845920355232565e+01
2.167102221483603230e+01
2.200055248972802957e+01
2.150875329682070358e+01
2.210284729015496197e+01
2.189528559152390486e+01
2.204191086618447315e+01
2.167081076233070647e+01
2.151214596511083954e+01
2.199957179683503483e+01
-8.846789479348882157e-01
2.159293057393000481e+01
2.195502839940574091e+01
-4.733596509723660972e-01
-6.479719167348640951e-01
2.168392579597519187e+01
-3.064987912595660280e-01
2.202427788520036955e+01
1.750226921507218592e-01
2.173468385280715509e+01
2.181852671183660064e+01
2.168359035614953356e+01
-4.566398736729212482e-01
2.138378286109169935e+01
2.185265576314537839e+01
-3.693664972911566702e-01
2.135464524519260365e+01
2.195868660981242115e+01
2.183108202405644249e+01
-1.433567499477271801e-01
2.183303590288416274e+01
-2.829267880824837267e-02
2.183355063557763742e+01
2.147105750347778397e+01
2.171215947703841564e+01
2.169039694708479615e+01
2.138074951619062603e+01
2.147696624611804239e+01
2.173048933931442406e+01
-7.469507543589465337e-01
3.812199526851495213e-01
2.156976163016482317e+01
2.142450505428199392e+01
2.177428523401512095e+01
-5.910827449313152959e-01
2.242931709223616110e+01
-2.697424733327393742e-01
-4.989539679116828941e-01
-6.551698501228948590e-01
2.150436572933709911e+01
-5.467983325362645308e-01
2.152619154950835423e+01
2.182659269193312213e+01
2.194181837732843832e+01
2.184534182099359612e+01
2.186992303812654370e+01
2.154431790845269390e+01
-2.270056621527295482e-01
2.235684456528548125e+01
2.179129783360430395e+01
2.139534595831774411e+01
2.137036669717298309e+01
2.204388858187567024e+01
2.144762523983659364e+01
2.170640616978170101e+01
-3.686077045964298859e-01
-4.340308244861862952e-01
-5.974882615304181188e-01
2.158301926992982445e+01
2.150759252484344941e+01
2.171167510974185433e+01
2.191120548807304758e+01
-1.621612373804925955e-02
2.146569229435918658e+01
2.212516896141515588e+01
-3.035772832605804217e-01
-7.718426938897715583e-02
2.178078954701874892e+01
2.155862552032912305e+01
2.193242246358611425e+01
2.144459063074557648e+01
2.144021269083446413e+01
2.162777087210696436e+01
2.186685439864959690e+01
-9.169372357146188257e-02
2.161831605319193628e+01
2.146400793100461968e+01
9.667560503567029784e-02
2.197688617402216238e+01
2.208692636329847403e+01
2.168752868052638760e+01
2.160288195369784248e+01
-6.279310443546062270e-01
2.149025729771850735e+01
-3.353045984440520266e-01
2.187559642116230663e+01
-7.346156701314068282e-01
2.248533168857241193e+01
2.173586417306993823e+01
2.178481717557836461e+01
2.138706899011203788e+01
2.180512117368057190e+01
2.144868549207835429e+01
2.161579641625860404e+01
-3.008183961360414438e-01
2.527862860757960073e-01
2.181665051270880795e+01
2.148632131238746368e+01
2.178142200909388393e+01
2.215094465130594870e+01
2.178764151371714419e+01
2.147967924974906850e+01
2.176814149288181000e+01
2.180773347789157768e+01
2.148958340710344217e+01
2.161619487747545421e+01
2.192529496705904535e+01
2.179060801595323582e+01
2.160013263658068539e+01
2.182309073897069140e+01
2.220140360393085999e+01
2.138438372152795708e+01
2.159424390466637789e+01
-3.245450182464258981e-01
3.034219736785805921e-01
2.169490812328999851e+01
-2.214534990231831202e-01
2.170174911014145280e+01
-4.197789062242511804e-01
-4.818760943712939171e-01
-5.052430387109341225e-02
2.192941499951368201e+01
2.147189591817002707e+01
2.213343181765704060e+01
-4.902707634227190248e-01
-5.128730075618772588e-01
2.165359473178283167e+01
2.155290843462853090e+01
2.200515496053228048e+01
7.941873131882750680e-01
2.180831885163571826e+01
4.328991433317942450e-01
2.178605579363266287e+01
2.324231193585543087e-01
2.165545917059458958e+01
3.040197023656546760e-01
2.150061318671899002e+01
2.149216325206272415e+01
-3.672864769084988046e-01
-2.746901956758822649e-01
2.153078308315327050e+01
-2.753581605425385881e-01
-1.927146354563390451e-01
2.166404683181431778e+01
2.131032231321758275e+01
2.148158917055353001e+01
2.177815407151128824e+01
2.193984854700427434e+01
-5.892043360434121579e-01
2.148737748551292270e+01
2.141869406564351408e+01
2.147676965587974252e+01
2.180607188862028423e+01
9.757920257640662065e-03
2.192545553415365234e+01
2.178796324281353947e+01
2.175672599460686740e+01
-1.081004505381920611e-01
-5.383682174871011750e-01
2.181431782561983823e+01
-9.254560928262023367e-02
2.139299807264375275e+01
2.162905043116922954e+01
2.202261101341830241e+01
2.143761251609294405e+01
2.184563702513457173e+01
2.187532929281141136e+01
2.192669722995849924e+01
2.176948432265917077e+01
-6.001735956975611241e-01
2.151671482104190147e+01
2.165155641858007129e+01
-6.759123586561937014e-01
2.209193222519700583e+01
2.162916981904223590e+01
2.142798694126349801e+01
2.152768746166479019e+01
-3.045230432573969859e-01
2.183741490792379025e+01
2.177311364994449150e+01
-1.057823173621820212e-01
2.182044366908655419e+01
2.180649118329149161e+01
2.200964509111732426e+01
2.151387649428077253e+01
1.051747065224906574e+00
-3.490278017890848794e-01
2.188577388181759176e+01
2.177590408346476991e+01
2.157341797005984319e+01
2.212877531097092998e+01
2.182552189242478136e+01
-5.883048058891502397e-01
-2.330587319823872461e-01
3.445481362693000316e-01
2.182055933460711117e+01
2.145799255338230083e+01
-4.078076790503498694e-01
2.177012330125809214e+01
2.203764913977342488e+01
-3.219070321552881531e-01
2.150763884109941415e+01
2.143453584523205890e+01
-4.701949620054435286e-01
2.172642300604046994e+01
2.208224021855747665e+01
-2.726663715652555275e-02
-7.878042872847658140e-01
-4.622437481567878703e-01
2.156601748422015774e+01
-3.634058890427502853e-01
2.178171385946529170e+01
2.182327731982719143e+01
-1.190035831597716642e-01
2.175150438364083882e+01
2.167316037790877203e+01
2.195005022038651177e+01
2.151714605247121881e+01
2.156738967811336138e+01
2.204288910806117130e+01
-5.458293355945670333e-01
-6.184624211253242354e-01
2.226354627709222456e+01
2.133801011199211572e+01
2.187672040316266830e+01
2.149600263133428513e+01
2.219803324176897874e+01
2.156931773417580800e+01
-2.674704745760199120e-01
2.215382766983393381e+01
2.171164253128918631e+01
2.213000597457982010e+01
-7.683465266437817798e-01
2.174863579442781258e+01
3.101031160319769331e-01
2.153766517496848820e+01
-4.294945594373531517e-01
2.159581601886711155e+01
1.052969804095588158e-01
2.175088283671453837e+01
2.174837648304030679e+01
1.941817119023270255e-02
2.149380006076778216e+01
2.234119936367685000e+01
2.169559361191755187e+01
2.153674604879336840e+01
2.243845280651463980e+01
2.167604178709570206e+01
2.202636694376552384e+01
2.145352178669642029e+01
1.140697111380706286e-01
-6.193351914745286457e-01
-2.044914054252088276e-01
2.185073663821972900e+01
3.682270100095925702e-01
2.155778675984547732e+01
2.157126165809610896e+01
2.131596641883309218e+01
6.560504979513794854e-01
2.177885474024520107e+01
2.180291500643780722e+01
2.173305680308389398e+01
2.169399874772336290e+01
2.180141493610611292e+01
1.175838017957535619e-01
2.178829255837621659e+01
2.168190512077574539e+01
-2.693673615429545976e-01
2.182124789254678632e+01
2.201915613796536419e+01
2.143927503046899830e+01
-1.071529907227340983e-01
-6.074057762738021005e-01
-1.346688506395616880e-01
2.182680755981772336e+01
2.158509043649928216e+01
2.156098975025332010e+01
3.951285246225152425e-01
2.155435279927828063e+01
-4.031947397411307366e-01
2.147696981745173161e+01
-2.351146033259096102e-01
2.143390426619406597e+01
2.139779621935707610e+01
2.198054511979893277e+01
-3.960006879847248751e-01
2.181707849161606561e+01
2.139335189635123413e+01
-5.365613220877094580e-01
2.142613072707048971e+01
-7.219342760116923552e-01
1.215896708869315113e-01
-5.223609470668026944e-01
2.157306291982727231e+01
2.170926106466970040e+01
2.885201184265295815e-02
2.176582859683724891e+01
-6.317985013939553252e-01
-2.051632321326358754e-01
2.168078635141383614e+01
2.167978536581694726e+01
2.154411701444700000e+01
-6.275827567905973847e-01
2.206162057569925139e+01
2.135301284980177172e+01
2.153458172398284276e+01
2.170181758905925662e+01
2.141523987639750715e+01
4.930170172962322628e-02
-6.496791526326373134e-02
2.157615660968224347e+01
2.161114029984401341e+01
4.415396849198155449e-01
2.176300196283503396e+01
7.588784584945451606e-02
2.157253271985624110e+01
2.268725915668854043e+01
2.167729482563814258e+01
2.167618376058369378e+01
-8.573815076803115165e-02
2.207523368220132554e+01
-1.036689763623198646e-01
2.228901488893512806e+01
2.599061745494828379e-01
-2.769131099426108689e-01
2.147915814111636479e+01
1.035875782222406283e-02
2.149115014408597801e+01
2.142862187835147125e+01
2.180235201167057468e+01
2.198520542734788563e+01
-4.885382064785528389e-01
-7.672101981730097275e-01
2.169478715154080817e+01
-3.774439177438326798e-02
2.179681711321785187e+01
2.141020663358360920e+01
2.147476627624162404e+01
-6.435901895915747684e-01
2.238856885430092092e+01
2.146947158971297398e+01
2.154951859829769134e+01
4.091847871732778863e-02
2.208282074672378315e+01
2.159422288659392919e+01
-2.692708752191090849e-01
-3.980490020587938993e-01
2.175828707728463485e+01
2.148437273162662109e+01
2.227800813533580637e+01
2.152632584039513475e+01
2.159193412247544330e+01
2.163019925884882610e+01
2.164392657323138280e+01
2.183289541487550522e+01
-5.331047237529936700e-01
2.205854189639513407e+01
4.918812571587549698e-02
2.138944410337627744e+01
2.193002818593867786e+01
2.185151179078876282e+01
2.169096110907340957e+01
2.205636964324880367e+01
2.176466997017926985e+01
2.151761948482710451e+01
-4.213885067602596290e-01
2.158250609695062749e+01
2.140877572826275355e+01
-6.540065972243095382e-01
2.153368921038492090e+01
-6.416995698893070976e-01
2.209953143374597317e+01
2.190688128677522428e+01
2.158936928364763119e+01
-3.026664343570196758e-01
2.162829137626166798e+01
2.184050091262458437e+01
3.736598847309486882e-01
2.148405204515817957e+01
-1.433747071023947495e-01
2.158843988230057676e+01
1.116004037285407424e-01
2.164308597316341576e+01
2.182754665755639678e+01
2.196712674063174120e+01
2.143745947627940041e+01
2.164061596876112148e+01
-6.764731591909385333e-01
2.204157242751848145e+01
4.777098010020359720e-01
2.247727398980331515e+01
-4.567465868199721557e-01
2.151285390394589925e+01
2.184834522147783531e+01
2.171995844492900574e+01
8.795839603837984910e-02
2.032257162215835855e-01
2.220865296897004626e+01
2.216773484423542584e+01
2.157766003080956096e+01
-9.405892326707583351e-01
-2.655843284477324984e-01
2.159176453724587219e+01
2.213483677997900401e+01
-4.461211799998980876e-01
2.189345094240870182e+01
2.174043647696327852e+01
2.145424432428996653e+01
2.151829368475510051e+01
2.215681764132881426e+01
2.222961321789488665e+01
2.186841328808689155e+01
2.268048401412464443e+01
2.150534812062238288e+01
2.149043617106764970e+01
-3.972323572492327814e-01
2.152033346367648292e+01
-4.230062139989125836e-01
2.161327601625143302e+01
2.187102203954233914e+01
2.185457976945834702e+01
2.228273521718425698e+01
2.170916038144517302e+01
2.173320709235274606e+01
2.181378017362316513e+01
2.217731203321649858e+01
8.898072485211494520e-02
4.950958368508404650e-01
-4.391126794900511165e-01
2.178112519182322870e+01
1.665264652380128441e-01
2.173162267307403184e+01
2.153696299309015671e+01
2.165877184119411325e+01
2.141452311697974409e+01
-7.389562649566087105e-01
2.147341450626378645e+01
2.221561412889445464e+01
2.163450940399278366e+01
2.817025412642133464e-01
2.155594581384627162e+01
-4.531033856875935628e-01
2.155630510557936930e+01
2.149300390081315371e+01
2.182010810797556033e+01
-4.625030252439776834e-01
2.175760830721236871e+01
-4.659799284757561999e-01
2.168784394920990266e+01
2.184944408575393737e+01
2.145193107394353405e+01
2.159944518757983545e+01
2.136124976411095844e+01
2.142382330708221971e+01
2.177245209088172473e+01
2.149133363258390261e+01
2.145226100299765193e+01
2.145005174990043528e+01
-4.233526470008979192e-01
2.992140386126816987e-01
2.161215789208412019e+01
2.150737974641007355e+01
2.228502845612073102e+01
2.191118764166769495e+01
2.145219951908914169e+01
2.150160511330202695e+01
2.186627222977528362e+01
5.663887683444164267e-01
-3.972929576920597450e-01
2.157526522807628311e+01
2.154494839613530033e+01
2.160374333062288699e+01
2.176635994004109520e+01
-2.103594682778318070e-01
-4.277993778262022539e-01
-8.183376271194342522e-02
2.195259430581796778e+01
2.137321800708880204e+01
2.194895897545536911e+01
2.213148779931681176e+01
2.189370145081145225e+01
2.181000740627737144e+01
-2.120285625527673634e-01
2.194982417959727528e+01
-2.763467783005131295e-01
1.795611320602974459e-01
2.188272942696812606e+01
2.192380545366612310e+01
2.168218596934728026e+01
2.181343257036072103e+01
2.232176555437155940e+01
2.174213735168270389e+01
2.178138933337162086e+01
4.140478899549410174e-01
2.199068052415690744e+01
2.181637376718506260e+01
2.224081052267347758e+01
2.148536592777395171e+01
-6.288919047116026118e-02
2.197136832367991133e+01
5.813808634610584392e-02
-3.226266932734607185e-01
4.825923871333737125e-02
2.168806936750868175e+01
2.143653895632413153e+01
2.172658895193308837e+01
2.173705077965551169e+01
2.184707575024788540e+01
-1.734479617388774431e-01
-2.027832517265475420e-01
-2.221944349199119761e-01
-1.037181718655773022e+00
2.175630226689450097e+01
2.181712296392661088e+01
2.205291476443391474e+01
2.146226033410071565e+01
2.174794625820940297e+01
2.146471568958280329e+01
2.162674130928366978e+01
2.141708407564814465e+01
2.168421063198646692e+01
2.137641486829906867e+01
2.130968017927494174e+01
2.163953556076350893e+01
-6.914605816002528105e-01
2.180314757496357458e+01
-3.199935921363576963e-01
2.141319881860994556e+01
2.177529488951617509e+01
2.121503162209084081e+01
2.200567847059327420e+01
-5.782746338290483124e-01
2.139810816723054998e+01
2.164844179261734780e+01
2.181250028840474187e+01
1.122578249252907945e-01
-1.212722493740052698e-01
2.146879615687172560e+01
-1.352006649946393413e-01
2.250229207779499774e+01
4.305673038708353051e-01
-3.943161615871764170e-01
-1.114024953731010514e+00
-2.132770723302519489e-01
1.035118424028196177e-01
2.164849794989297038e+01
2.224838702778593813e+01
2.403942794941094085e-02
2.166961940014266119e+01
2.129244897076601362e+01
2.167603556168680257e+01
2.190769146861454075e+01
2.444077487005291704e-01
2.184304449017410121e+01
2.139437704515053795e+01
2.144517488610996736e+01
-2.886074694250553296e-01
-5.158153341090840893e-01
2.115773044639766454e+01
2.161352981488219172e+01
2.147635664345695972e+01
