reward0.04619070566327377
action1.0
1.0
v1.869398213589034
probs0.46284604,0.0020093594,0.01826856,0.16879575,0.28065497,0.046917867,0.0033866656,0.0053347657,0.008317812,0.0020744626,0.001393821
Num_train16
reward0.0484104951517331
action1.0
1.0
v1.8452418213681823
probs0.13367563,0.0011870809,0.013951401,0.1534022,0.66231406,0.020080315,0.002965415,0.0063102446,0.0030047556,0.001739851,0.0013690288
Num_train32
reward20.038673792559106
action1.0
1.0
v16.686820351059072
probs0.02885272,0.0006456622,0.011431977,0.10643153,0.82197046,0.013189604,0.0032007543,0.010002793,0.0011225236,0.0015183449,0.0016336181
Num_train43
reward0.04928135115582571
action1.0
-1.0
v1.7509591498755597
probs0.09513259,0.00095979776,0.011077316,0.07134327,0.7959403,0.011440397,0.0023412989,0.007376019,0.001409099,0.0017928974,0.0011869827
Num_train59
reward0.06637828035246951
action1.0
1.0
v2.039173085575209
probs0.5409802,0.0019534782,0.017924355,0.14403112,0.22717506,0.047884453,0.003204769,0.005207524,0.008219271,0.0020405818,0.0013792368
Num_train75
reward20.08249522826701
action1.0
-1.0
v15.32806161190445
probs0.82746905,0.0017630503,0.011702951,0.02891266,0.02604025,0.08654828,0.0022698783,0.0028150422,0.010038836,0.001628409,0.0008115877
Num_train87
reward0.05115876426750461
action1.0
-1.0
v2.0306120917215282
probs0.23450658,0.0013913898,0.014681808,0.0736577,0.63832945,0.020109214,0.0027650434,0.008338281,0.0025023005,0.0024099848,0.0013082745
Num_train103
reward0.029584566697509196
action1.0
1.0
v1.825609039235342
probs0.07814673,0.00086457515,0.011027365,0.14628254,0.73657286,0.014289408,0.0024785816,0.0057993103,0.0020045978,0.001378888,0.0011551069
Num_train119
reward0.05423427781852857
action1.0
0.5
v2.3165864428533807
probs0.46680218,0.0022091249,0.019736776,0.13644579,0.3068079,0.045941982,0.0037849902,0.006928526,0.007040907,0.002582018,0.0017197152
Num_train135
reward20.03880067051323
action1.0
0.5
v27.85737569160376
probs0.068535805,0.0012412368,0.018566696,0.119659804,0.74057204,0.025366113,0.004910767,0.013860923,0.002303142,0.002622465,0.0023609702
Num_train141
reward-0.001083836514198211
action1.0
0.5
v1.7849755069477657
probs0.008145039,0.00019634436,0.0034654578,0.04650249,0.93406314,0.0020207062,0.00088938593,0.0034546198,0.00022635618,0.0005337697,0.00050251745
Num_train157
reward0.059369805184535274
action1.0
0.0
v1.96392844325523
probs0.43844652,0.0021393807,0.019393304,0.12653497,0.3521502,0.04005456,0.0036520557,0.0072634476,0.006065045,0.0026024582,0.001698077
Num_train173
reward0.009106316842796502
action1.0
1.0
v5.455280127502233
probs0.0074777463,0.0002331004,0.0051518832,0.063776724,0.90987587,0.0039822003,0.001518396,0.0061372556,0.00030543318,0.00069556484,0.0008458499
Num_train189
reward0.0028107812172588178
action1.0
1.0
v4.0730988309833265
probs0.00785207,0.00022841914,0.0047056517,0.056808,0.91884136,0.0032771777,0.001334218,0.005255314,0.0002866494,0.0006594857,0.0007517333
Num_train205
reward20.02942395188001
action1.0
1.0
v30.447806382940108
probs0.03912704,0.00074718025,0.01285153,0.16226204,0.7484462,0.018152159,0.0034439147,0.010130408,0.0015744941,0.0016054105,0.0016596232
Num_train210
reward0.02860556435240156
action1.0
1.0
v1.7635988621920293
probs0.22814322,0.0016395388,0.017622225,0.17629759,0.52733064,0.0296289,0.0035356705,0.0073052123,0.0046016662,0.0022465528,0.0016487924
Num_train226
reward0.029260420724576797
action0.5
1.0
v0.9904759690377225
probs0.46285546,0.0037124467,0.021177672,0.18080209,0.24759835,0.055978622,0.0042456747,0.006804303,0.011946543,0.0031784524,0.0017003425
Num_train242
reward20.050594672281367
action1.0
1.0
v14.82965079048057
probs0.5029082,0.0025388855,0.025250988,0.17332128,0.1590609,0.10560158,0.0052453782,0.008751807,0.012276405,0.0029263666,0.0021182229
Num_train254
reward0.02354996546107877
action1.0
-1.0
v2.033056430059053
probs0.89003026,0.0012265344,0.0074944342,0.022062158,0.03603457,0.033063754,0.0011145166,0.0018696086,0.005495614,0.0011679989,0.00044060126
Num_train270
reward0.02761409558489074
action1.0
1.0
v1.9890810761725806
probs0.057230007,0.0006786466,0.009545812,0.11973928,0.79108405,0.010096261,0.0021184238,0.005792062,0.0013405128,0.0012788964,0.0010960596
Num_train286
reward20.03637431899568
action1.0
1.0
v27.498741713967735
probs0.03205594,0.0006778707,0.011844433,0.13791257,0.784991,0.014820644,0.0032445546,0.0100133885,0.0012739213,0.0015375174,0.0016280569
Num_train292
reward0.033965154806338306
action1.0
0.5
v2.0290502644443213
probs0.7170894,0.0018283781,0.0141386,0.10026448,0.098881505,0.050201934,0.0023564254,0.0034791813,0.009137855,0.0016320598,0.0009900935
Num_train308
reward0.0747145143739802
action1.0
-1.0
v2.0458979145197307
probs0.5311532,0.0018993029,0.016734697,0.07387714,0.32366964,0.034157064,0.0028770964,0.006961508,0.0047680195,0.0026092115,0.0012931675
Num_train324
reward0.03370631759866188
action1.0
1.0
v4.3952715746056885
probs0.06285934,0.0008888083,0.013509254,0.15058538,0.73698366,0.017802794,0.0032649816,0.0088346945,0.001931026,0.001720006,0.0016200108
Num_train340
reward20.06997542865466
action1.0
1.0
v38.18194115486842
probs0.12666956,0.0015720678,0.02211504,0.22180277,0.55428696,0.045309734,0.005483041,0.0131631205,0.0043867654,0.0027358085,0.0024751106
Num_train343
reward0.039412677706722125
action1.0
1.0
v1.8848887333574262
probs0.121130265,0.001125742,0.013503868,0.16117512,0.6691747,0.018610708,0.0028661091,0.006609942,0.002707353,0.0017313415,0.0013648683
Num_train359
reward0.05611565505971044
action1.0
1.0
v1.998432238227386
probs0.22257516,0.0014110924,0.01621119,0.20517948,0.5068897,0.030317785,0.0032150974,0.006323016,0.0046378556,0.0018510987,0.0013885234
Num_train375
reward20.035214449912907
action1.0
-1.0
v13.749008190860346
probs0.866385,0.0015547595,0.009344874,0.016536804,0.018974159,0.07284077,0.0017545098,0.002341776,0.008170445,0.0014955896,0.0006012985
Num_train388
reward0.051361147718312954
action1.0
-1.0
v1.8842874653832875
probs0.8604247,0.0014211277,0.008971039,0.030149769,0.052423086,0.035072293,0.0014065617,0.0023520535,0.005840381,0.0013714482,0.0005675803
Num_train404
reward0.04019619251589912
action1.0
1.0
v1.8417481150681707
probs0.04979464,0.00064228824,0.008677923,0.11645929,0.80445725,0.009154052,0.0020051755,0.0053951894,0.0012395144,0.001172724,0.0010019902
Num_train420
reward0.02645792407719663
action0.5
-1.0
v4.368625927095175
probs0.509135,0.0048093246,0.026792556,0.052906435,0.29755577,0.069769256,0.0067371447,0.014684894,0.008172247,0.0068418332,0.002595531
Num_train436
reward20.044893301652365
action1.0
1.0
v42.558253990887955
probs0.05645176,0.0009595784,0.015534475,0.17333457,0.7079056,0.023972334,0.0041394965,0.0116456775,0.0021139544,0.0019696164,0.00197296
Num_train438
reward0.046803584249157384
action1.0
0.5
v1.9531538137479751
probs0.7172058,0.0018860181,0.01420177,0.09274168,0.108970076,0.047638442,0.0024056695,0.0036536981,0.008556241,0.0017168478,0.0010237491
Num_train454
reward0.04085706438114389
action1.0
-1.0
v2.025699197445322
probs0.32050273,0.0016811944,0.016513046,0.08732742,0.52963656,0.025769688,0.0030639975,0.0080817705,0.0034686644,0.002502792,0.0014521821
Num_train470
reward0.010311530381988555
action1.0
1.0
v1.7435787093246848
probs0.020093923,0.00034405882,0.005268891,0.08108562,0.88146025,0.0044542016,0.0013121805,0.0040269974,0.00055672025,0.00072435994,0.00067286997
Num_train486
reward0.014272906152665455
action1.0
1.0
v4.182382487345329
probs0.017226582,0.00037496298,0.006575507,0.09827261,0.86116076,0.0064458046,0.0017881857,0.005807997,0.0006066836,0.0008441214,0.0008967683
Num_train502
reward20.020198699997664
action1.0
0.5
v33.53378514139635
probs0.014939817,0.0004186995,0.007991642,0.07101914,0.88498646,0.006905183,0.0023080173,0.008518789,0.0005631018,0.0011288839,0.0012201524
Num_train506
